2024,99999,FL,12041.0,12041001500.0,Conventional:First Lien,Single Family (1-4 Units):Site-Built,Hispanic or Latino,White,Female,1,1,300000.0,95.0,5.25,2.5,1,2750.0,1500.0,1250.0,250.0,1000.0,360,2,0,0,0,0,0,1,250000.0,1,1,3,5,1,20000.0,1,1,3,5,1,1,20000.0,20000.0,1,1,2,2,65-74,9999,Yes,1,1,1,1,1,1,1,1,1,1,1,1,1,1,65,65,0,0,No,0
2024,99999,TX,48091.0,48091000123.0,FHA:First Lien,Single Family (1-4 Units):Site-Built,Ethnicity Not Available,Race Not Available,Sex Not Available,3,4,275000.0,103.0,6.5,3.0,3,3120.0,1800.0,1520.0,300.0,1320.0,360,1,0,1,0,0,0,1,175000.0,1,1,3,5,1,0.0,1,1,3,5,1,1,0.0,0.0,1,1,2,2,50-64,9999,Yes,1,1,1,1,1,1,1,1,1,1,1,1,1,1,50,50,0,0,Yes,0
2024,99999,NY,36085.0,36085021100.0,FHA:First Lien,Single Family (1-4 Units):Site-Built,Not Hispanic or Latino,Black,Male,1,1,325000.0,108.0,7.75,4.2,2,3405.0,1250.0,1050.0,200.0,1355.0,360,2,0,1,0,0,0,1,320000.0,1,1,3,5,1,28000.0,1,1,3,5,1,1,30000.0,30000.0,1,1,2,2,45-54,9999,Yes,1,1,1,1,1,1,1,1,1,1,1,1,1,1,45,45,0,0,Yes,0
2024,99999,CO,08041.0,08041005200.0,Conventional:First Lien,Single Family (1-4 Units):Site-Built,Ethnicity Not Available,Race Not Available,Sex Not Available,6,2,310000.0,93.0,6.25,3.1,1,3250.0,1900.0,1200.0,300.0,1050.0,360,3,0,0,0,0,0,1,265000.0,1,1,3,5,1,25000.0,1,1,3,5,1,1,20000.0,20000.0,1,1,2,2,50-64,9999,Yes,1,1,1,1,1,1,1,1,1,1,1,1,1,1,50,50,0,0,No,0
2024,99999,WA,53033.0,53033007400.0,VA:First Lien,Single Family (1-4 Units):Site-Built,Not Hispanic or Latino,Other,Male,3,1,295000.0,92.0,5.0,1.75,3,2952.0,1650.0,1150.0,200.0,1302.0,360,3,0,1,0,1,0,1,290000.0,1,1,3,5,1,30000.0,1,1,3,5,1,1,25000.0,25000.0,1,1,2,2,65-74,9999,Yes,1,1,1,1,1,1,1,1,1,1,1,1,1,1,65,65,0,0,Yes,0
2024,99999,MD,24510.0,24510013600.0,FHA:First Lien,Single Family (1-4 Units):Site-Built,Not Hispanic or Latino,White,Female,1,1,445000.0,99.0,7.25,3.75,1,5050.0,2500.0,1870.0,430.0,2580.0,360,2,0,1,0,0,0,1,330000.0,1,1,3,5,1,55000.0,1,1,3,5,1,1,20000.0,20000.0,1,1,2,2,65-74,9999,Yes,1,1,1,1,1,1,1,1,1,1,1,1,1,1,65,65,0,0,No,0
2024,99999,CA,06075.0,06075025300.0,Conventional:First Lien,Single Family (1-4 Units):Site-Built,Not Hispanic or Latino,White,Female,3,2,340000.0,125.0,5.12,1.25,2,2800.0,1500.0,1200.0,170.0,1300.0,360,1,0,1,0,0,0,1,330000.0,1,1,3,5,1,34000.0,1,1,3,5,1,1,24000.0,24000.0,1,1,2,2,65-74,9999,Yes,1,1,1,1,1,1,1,1,1,1,1,1,1,1,65,65,0,0,Yes,0
2024,99999,OH,39151.0,39151012000.0,Conventional:Second Lien,Single Family (1-4 Units):Site-Built,Ethnicity Not Available,Race Not Available,Sex Not Available,3,1,300000.0,93.0,5.75,2.75,3,2850.0,1400.0,1120.0,140.0,1550.0,180,3,0,0,0,0,0,1,280000.0,1,1,3,5,1,28000.0,1,1,3,5,1,1,21000.0,21000.0,1,1,2,2,45-54,9999,Yes,1,1,1,1,1,1,1,1,1,1,1,1,1,1,45,45,0,0,Yes,0
2024,99999,GA,13097.0,13097033000.0,FHA:First Lien,Single Family (1-4 Units):Site-Built,Not Hispanic or Latino,Black,Male,1,3,260000.0,98.0,6.0,3.0,1,3100.0,1620.0,1270.0,150.0,1350.0,360,2,0,1,0,0,0,1,200000.0,1,1,3,5,1,22000.0,1,1,3,5,1,1,15000.0,15000.0,1,1,2,2,50-64,9999,Yes,1,1,1,1,1,1,1,1,1,1,1,1,1,1,50,50,0,0,No,0
2024,99999,AL,01007.0,01007000600.0,VA:First Lien,Single Family (1-4 Units):Site-Built,Ethnicity Not Available,Race Not Available,Sex Not Available,1,1,315000.0,110.0,6.375,2.125,1,3050.0,1750.0,1400.0,100.0,1650.0,360,3,0,0,0,0,0,1,280000.0,1,1,3,5,1,28000.0,1,1,3,5,1,1,22000.0,22000.0,1,1,2,2,50-64,9999,Yes,1,1,1,1,1,1,1,1,1,1,1,1,1,1,50,50,0,0,No,0
2024,99999,KY,21009.0,21009001400.0,Conventional:First Lien,Single Family (1-4 Units):Site-Built,Hispanic or Latino,Asian,Male,3,2,365000.0,115.0,6.75,3.25,2,3400.0,1920.0,1220.0,220.0,1780.0,360,2,0,1,0,0,0,1,360000.0,1,1,3,5,1,22000.0,1,1,3,5,1,1,20000.0,20000.0,1,1,2,2,65-74,9999,Yes,1,1,1,1,1,1,1,1,1,1,1,1,1,1,65,65,0,0,Yes,0
2024,99999,IL,17031.0,17031119111.0,Conventional:First Lien,Single Family (1-4 Units):Site-Built,Ethnicity Not Available,Race Not Available,Sex Not Available,1,1,300000.0,125.0,6.25,2.5,1,2650.0,1620.0,1090.0,120.0,1530.0,360,2,0,0,0,0,0,1,238000.0,1,1,3,5,1,25000.0,1,1,3,5,1,1,18000.0,18000.0,1,1,2,2,50-64,9999,Yes,1,1,1,1,1,1,1,1,1,1,1,1,1,1,50,50,0,0,Yes,0
2024,99999,MN,27077.0,27077012000.0,FHA:First Lien,Single Family (1-4 Units):Site-Built,Not Hispanic or Latino,White,Male,3,2,295000.0,120.0,5.125,1.5,1,2900.0,1400.0,1200.0,140.0,1300.0,360,2,0,0,0,0,0,1,300000.0,1,1,3,5,1,28000.0,1,1,3,5,1,1,19000.0,19000.0,1,1,2,2,45-54,9999,Yes,1,1,1,1,1,1,1,1,1,1,1,1,1,1,45,45,0,0,Yes,0
2024,99999,NJ,34015.0,34015000800.0,Conventional:Subordinate Lien,Single Family (1-4 Units):Site-Built,Not Hispanic or Latino,White,Female,1,3,290000.0,100.0,7.5,3.25,2,3400.0,1800.0,1000.0,350.0,1100.0,360,1,0,1,0,0,0,1,290000.0,1,1,3,5,1,23000.0,1,1,3,5,1,1,20000.0,20000.0,1,1,2,2,50-64,9999,Yes,1,1,1,1,1,1,1,1,1,1,1,1,1,1,50,50,0,0,No,0
2024,99999,MA,25025.0,25025000400.0,FHA:First Lien,Single Family (1-4 Units):Site-Built,Not Hispanic or Latino,White,Female,1,1,350000.0,105.0,6.5,4.0,1,4300.0,2200.0,1800.0,150.0,1700.0,360,2,0,1,0,0,0,1,350000.0,1,1,3,5,1,20000.0,1,1,3,5,1,1,24000.0,24000.0,1,1,2,2,65-74,9999,Yes,1,1,1,1,1,1,1,1,1,1,1,1,1,1,65,65,0,0,No,0
2024,99999,FL,12067.0,12067001900.0,Conventional:First Lien,Single Family (1-4 Units):Site-Built,Not Hispanic or Latino,White,Male,1,1,315000.0,102.0,5.0,2.75,2,3400.0,1800.0,1400.0,150.0,1350.0,360,3,0,0,0,0,0,1,300000.0,1,1,3,5,1,30000.0,1,1,3,5,1,1,25000.0,25000.0,1,1,2,2,65-74,9999,Yes,1,1,1,1,1,1,1,1,1,1,1,1,1,1,65,65,0,0,No,0
2024,99999,NC,37059.0,37059000400.0,Veterans Affairs:First Lien,Single Family (1-4 Units):Site-Built,Ethnicity Not Available,Race Not Available,Sex Not Available,1,1,320000.0,99.0,6.25,3.5,1,3050.0,1400.0,1150.0,120.0,900.0,360,1,0,0,0,0,0,1,310000.0,1,1,3,5,1,0.0,1,1,3,5,1,1,0.0,0.0,1,1,2,2,50-64,9999,Yes,1,1,1,1,1,1,1,1,1,1,1,1,1,1,50,50,0,0,Yes,0
2024,99999,SC,45011.0,45011000200.0,Conventional:First Lien,Single Family (1-4 Units):Site-Built,Not Hispanic or Latino,Black,Female,1,1,365000.0,117.0,6.5,3.75,1,3300.0,1800.0,1400.0,200.0,900.0,360,2,0,1,0,0,0,1,380000.0,1,1,3,5,1,30000.0,1,1,3,5,1,1,22000.0,22000.0,1,1,2,2,50-64,9999,Yes,1,1,1,1,1,1,1,1,1,1,1,1,1,1,50,50,0,0,No,0
2024,99999,MN,27043.0,27043003000.0,FHA:First Lien,Single Family (1-4 Units):Site-Built,Not Hispanic or Latino,White,Male,3,2,260000.0,99.0,6.25,3.5,1,2700.0,1500.0,1000.0,100.0,1200.0,360,2,0,0,0,0,0,1,300000.0,1,1,3,5,1,32000.0,1,1,3,5,1,1,28000.0,28000.0,1,1,2,2,65-74,9999,Yes,1,1,1,1,1,1,1,1,1,1,1,1,1,1,65,65,0,0,Yes,0
2024,99999,IN,18117.0,18117001900.0,Veterans Affairs:First Lien,Single Family (1-4 Units):Site-Built,Ethnicity Not Available,Race Not Available,Sex Not Available,3,1,290000.0,102.0,7.0,4.0,3,2650.0,1600.0,1300.0,200.0,800.0,360,2,0,0,0,0,0,1,290000.0,1,1,3,5,1,0.0,1,1,3,5,1,1,0.0,0.0,1,1,2,2,45-54,9999,Yes,1,1,1,1,1,1,1,1,1,1,1,1,1,1,45,45,0,0,Yes,0
2024,99999,MI,26053.0,26053009100.0,FHA:First Lien,Single Family (1-4 Units):Site-Built,Hispanic or Latino,Asian,Male,1,1,275000.0,122.0,6.0,3.25,1,3900.0,1800.0,1200.0,340.0,1200.0,360,3,0,0,0,0,0,1,275000.0,1,1,3,5,1,22000.0,1,1,3,5,1,1,23000.0,23000.0,1,1,2,2,65-74,9999,Yes,1,1,1,1,1,1,1,1,1,1,1,1,1,1,65,65,0,0,Yes,0
2024,99999,TX,48239.0,48239001800.0,Veterans Affairs:Second Lien,Single Family (1-4 Units):Site-Built,Ethnicity Not Available,Race Not Available,Sex Not Available,3,1,340000.0,106.0,6.25,4.25,2,3500.0,1500.0,1150.0,200.0,1050.0,180,3,0,0,0,0,0,1,290000.0,1,1,3,5,1,30000.0,1,1,3,5,1,1,25000.0,25000.0,1,1,2,2,50-64,9999,Yes,1,1,1,1,1,1,1,1,1,1,1,1,1,1,50,50,0,0,Yes,0
2024,99999,FL,12031.0,12031000100.0,Conventional:First Lien,Single Family (1-4 Units):Site-Built,Hispanic or Latino,White,Female,3,2,300000.0,105.0,6.25,1.5,2,3200.0,1700.0,1400.0,150.0,800.0,360,1,0,1,0,0,0,1,310000.0,1,1,3,5,1,30000.0,1,1,3,5,1,1,25000.0,25000.0,1,1,2,2,50-64,9999,Yes,1,1,1,1,1,1,1,1,1,1,1,1,1,1,50,50,0,0,Yes,0
2024,99999,MD,24033.0,24033020200.0,FHA:First Lien,Single Family (1-4 Units):Site-Built,Not Hispanic or Latino,White,Male,1,1,375000.0,101.0,5.25,2.25,2,3050.0,1600.0,1050.0,150.0,1550.0,360,3,0,1,0,0,0,1,380000.0,1,1,3,5,1,0.0,1,1,3,5,1,1,0.0,0.0,1,1,2,2,50-64,9999,Yes,1,1,1,1,1,1,1,1,1,1,1,1,1,1,50,50,0,0,No,0
2024,99999,VA,51089.0,51089001800.0,VA:First Lien,Single Family (1-4 Units):Site-Built,Ethnicity Not Available,Race Not Available,Sex Not Available,3,2,325000.0,105.0,6.75,4.0,1,3600.0,1650.0,1300.0,240.0,1350.0,360,2,0,0,0,0,0,1,320000.0,1,1,3,5,1,28000.0,1,1,3,5,1,1,26000.0,26000.0,1,1,2,2,65-74,9999,Yes,1,1,1,1,1,1,1,1,1,1,1,1,1,1,65,65,0,0,Yes,0
2024,99999,AZ,04019.0,04019000100.0,Conventional:First Lien,Single Family (1-4 Units):Site-Built,Not Hispanic or Latino,White,Male,1,1,280000.0,107.0,5.75,1.5,2,3200.0,1500.0,1300.0,100.0,1000.0,360,1,0,0,0,0,0,1,300000.0,1,1,3,5,1,30000.0,1,1,3,5,1,1,25000.0,25000.0,1,1,2,2,65-74,9999,Yes,1,1,1,1,1,1,1,1,1,1,1,1,1,1,65,65,0,0,No,0
2024,99999,NC,37091.0,37091000600.0,FHA:First Lien,Single Family (1-4 Units):Site-Built,Not Hispanic or Latino,White,Male,1,1,350000.0,103.0,6.0,2.75,3,3200.0,1550.0,1130.0,150.0,1200.0,360,2,0,0,0,0,0,1,350000.0,1,1,3,5,1,28000.0,1,1,3,5,1,1,21000.0,21000.0,1,1,2,2,45-54,9999,Yes,1,1,1,1,1,1,1,1,1,1,1,1,1,1,45,45,0,0,No,0
2024,99999,MO,29005.0,29005001200.0,Conventional:First Lien,Single Family (1-4 Units):Site-Built,Not Hispanic or Latino,Asian,Male,1,1,360000.0,98.0,6.5,1.75,2,4000.0,2100.0,1200.0,420.0,980.0,360,1,0,0,0,0,0,1,380000.0,1,1,3,5,1,28000.0,1,1,3,5,1,1,25000.0,25000.0,1,1,2,2,65-74,9999,Yes,1,1,1,1,1,1,1,1,1,1,1,1,1,1,65,65,0,0,No,0
2024,99999,AR,05025.0,05025000500.0,FHA:First Lien,Single Family (1-4 Units):Site-Built,Not Hispanic or Latino,White,Female,1,1,275000.0,102.0,6.75,3.5,2,3300.0,1600.0,1200.0,150.0,1600.0,360,2,0,0,0,0,0,1,270000.0,1,1,3,5,1,20000.0,1,1,3,5,1,1,22000.0,22000.0,1,1,2,2,45-54,9999,Yes,1,1,1,1,1,1,1,1,1,1,1,1,1,1,45,45,0,0,Yes,0
2024,99999,NY,36103.0,36103003600.0,Conventional:First Lien,Single Family (1-4 Units):Site-Built,Hispanic or Latino,White,Male,1,1,320000.0,97.0,7.0,3.5,2,4000.0,1800.0,1100.0,350.0,1200.0,360,1,0,1,0,0,0,1,312000.0,1,1,3,5,1,29000.0,1,1,3,5,1,1,26000.0,26000.0,1,1,2,2,65-74,9999,Yes,1,1,1,1,1,1,1,1,1,1,1,1,1,1,65,65,0,0,No,0
2024,99999,IL,17187.0,17187001200.0,VA:First Lien,Single Family (1-4 Units):Site-Built,Not Hispanic or Latino,White,Male,1,1,290000.0,105.0,6.0,2.25,1,3500.0,1600.0,1300.0,180.0,1150.0,360,2,0,0,0,0,0,1,310000.0,1,1,3,5,1,28000.0,1,1,3,5,1,1,18000.0,18000.0,1,1,2,2,50-64,9999,Yes,1,1,1,1,1,1,1,1,1,1,1,1,1,1,50,50,0,0,Yes,0
2024,99999,WI,55021.0,55021002000.0,Conventional:First Lien,Single Family (1-4 Units):Site-Built,Ethnicity Not Available,Race Not Available,Sex Not Available,3,1,270000.0,108.0,7.25,2.25,2,3050.0,1800.0,1230.0,220.0