2024,99999,FL,12025.0,12025010100.0,FHA:First Lien,Single Family (1-4 Units):Site-Built,Not Hispanic or Latino,White,Male,Application approved,1,350000.0,85.4,7.375,1.5,1,2500.0,1800.0,2000.0,100.0,250.0,360,0,0,0,1,1,1,1,400000.0,1,1,3,5,1,55.0,1,3333,4444,2.0,6.0,1,1,5.0,8.0,3,4,6,4,69,70,Yes,1,1,1,1,1,1,1,1,65-74,65-74,No,1,1,1,1,1,1,1,1,35,70,0,0,3,3,1,1,1,1
2024,12054,GA,13121.0,13121010529.0,FHA:First Lien,Single Family (1-4 Units):Site-Built,Ethnicity Not Available,Race Not Available,Sex Not Available,6,32,225000.0,,6.875,,2,16692.05,,10197.8,8302.8,,300.0,,,2,2,2,2,275000.0,1,1,3,5,1,,,,9,9,4.0,4.0,3,3,7.0,7.0,3,3,4,4,3,3,8888,8888,,,3,3
2024,36061,NY,36061.0,36061010901.0,Vacant Land:First Lien,Single Family (1-4 Units):Site-Built,Not Hispanic or Latino,White,Male,Loan originated,1,500000.0,62.5,4.75,2.0,3,9800.0,5600.0,1200.0,3500.0,400.0,360,0,0,0,1,0,1,0,650000.0,1,1,1,1,1,70.0,2,1111,1111,3.0,11.0,1,4,1.0,12.0,1,2,1,4,40,70,Y,1,1,1,1,1,1,1,1,65,70,Yes,1,1,1,1,1,1,1,1,35,80,0,0,3,3,1,1,1,1
2024,99999,TX,48113.0,48113010439.0,Conventional:First Lien,Single Family (1-4 Units):Site-Built,Not Hispanic or Latino,White,Male,Application approved,1,420000.0,78.9,6.125,1.2,2,14900.0,9500.0,4800.0,3500.0,700.0,300,0,0,0,0,1,0,1,550000.0,1,1,1,3,1,72.0,3,2222,2222,2.0,6.0,1,4,3.0,8.0,1,4,1,1,35,70,Y,1,1,1,1,1,1,1,1,70,80,No,1,1,1,1,1,1,1,1,40,85,0,0,3,3,1,2,1,1
2024,13073,GA,13073.0,13073010200.0,Conventional:First Lien,Single Family (1-4 Units):Site-Built,Ethnicity Not Available,Race Not Available,Sex Not Available,5,1,420000.0,82.7,7.25,1.1,3,14350.0,9200.0,4000.0,4500.0,400.0,300,0,0,0,1,0,0,1,500000.0,1,1,3,3,1,70.0,4,5555,4444,3.0,5.0,1,5,5.0,7.0,1,5,6,4,35,65,N,1,1,1,1,1,1,1,1,65,85,No,1,1,1,1,1,1,1,1,40,80,0,0,3,3,1,1,1,1
2024,99999,IN,18059.0,18059201041.0,Vacant Land:First Lien,Single Family (1-4 Units):Site-Built,Not Hispanic or Latino,Black,Male,Application received,1,650000.0,75.2,7.625,1.4,3,22200.0,14500.0,3000.0,4000.0,900.0,360,0,0,0,1,1,0,1,800000.0,1,1,3,3,1,70.0,2,3333,4444,4.0,5.0,1,4,5.0,7.0,2,4,2,4,45,70,N,1,1,1,1,1,1,1,1,74,80,No,1,1,1,1,1,1,1,1,42,85,0,0,3,3,1,1,1,1
2024,99999,NJ,34003.0,34003000100.0,FHA:First Lien,Single Family (1-4 Units):Site-Built,Not Hispanic or Latino,White,Female,Application approved,1,475000.0,71.5,5.125,1.3,3,17200.0,11500.0,4400.0,5200.0,400.0,300,0,0,0,1,0,1,1,650000.0,1,1,1,3,1,68.0,1,1111,2222,2.0,7.0,1,3,1.0,8.0,2,5,1,3,44,72,Y,1,1,1,1,1,1,1,1,65-74,70-74,No,1,1,1,1,1,1,1,1,35,70,0,0,3,3,1,1,1,2
2024,31085,SD,46093.0,46093010100.0,Vacant Land:First Lien,Single Family (1-4 Units):Site-Built,Hispanic or Latino,Hispanic or Latino,Female,Application denied,1,300000.0,95.0,7.000,1.0,3,8000.0,6000.0,2000.0,1000.0,400.0,300,0,0,0,1,1,1,0,315789.0,1,1,1,2,1,72.0,4,4444,3333,3.0,5.0,2,4,5.0,5.0,2,4,2,3,52,68,N,1,1,1,1,1,1,1,1,70,85,Yes,1,1,1,1,1,1,1,1,45,85,0,0,3,3,1,1,1,1
2024,21013,KY,21013.0,21013310499.0,FHA:First Lien,Single Family (1-4 Units):Site-Built,Not Hispanic or Latino,White,Male,Loan originated,1,320000.0,86.3,7.5,2.0,1,7000.0,5000.0,1000.0,2000.0,300.0,360,0,0,0,1,0,0,1,400000.0,1,1,2,5,1,68.0,2,5555,4444,2.0,5.0,2,4,6.0,6.0,2,2,4,4,32,70,Y,1,1,1,1,1,1,1,1,65-74,70-74,No,1,1,1,1,1,1,1,1,35,80,0,0,3,3,1,1,1,1
2024,99999,MO,29047.0,29047010100.0,VA:First Lien,Single Family (1-4 Units):Site-Built,Hispanic or Latino,White,Male,Application received,1,250000.0,75.0,7.25,1.1,2,6350.0,5200.0,400.0,3000.0,400.0,300,0,0,0,0,0,1,0,330000.0,1,1,3,5,1,65.0,1,2222,3333,3.0,6.0,2,4,5.0,5.0,1,4,1,1,38,65,N,1,1,1,1,1,0,1,1,70,70,1,1,3,3,1,2,1,1
2024,99999,CA,06059.0,06059085003.0,FHA:First Lien,Single Family (1-4 Units):Site-Built,Hispanic or Latino,Hispanic or Latino,Male,Application denied,1,485000.0,87.5,6.75,1.7,3,22600.0,15000.0,4500.0,4900.0,500.0,300,0,0,0,0,1,1,1,600000.0,1,1,2,3,1,67.0,3,1111,2222,3.0,4.0,2,4,5.0,5.0,2,4,6,4,40,72,N,1,1,1,1,1,1,1,1,65-74,70-74,No,1,1,1,1,1,1,1,1,45,80,0,0,3,3,1,1,1,1
2024,13073,GA,13073.0,13073010200.0,Conventional:Second Lien,Single Family (1-4 Units):Site-Built,Ethnicity Not Available,Race Not Available,Sex Not Available,5,1,275000.0,89.2,7.25,0.25,3,10300.0,5800.0,1500.0,2400.0,400.0,360,0,0,0,1,0,0,1,300000.0,1,1,3,5,1,72.0,4,5555,5555,2.0,5.0,1,5,5.0,5.0,1,5,6,4,44,75,N,1,1,1,1,1,1,1,1,74,80,No,1,1,1,1,1,1,1,1,42,90,0,0,3,3,1,1,1,1
2024,99999,FL,12013.0,12013010230.0,VA:First Lien,Single Family (1-4 Units):Site-Built,Not Hispanic or Latino,White,Female,Loan originated,1,620000.0,76.5,6.5,1.5,3,5200.0,4800.0,1400.0,2500.0,400.0,300,0,0,0,0,1,1,1,760000.0,1,1,2,4,1,70.0,1,1111,2222,3.0,5.0,2,4,4.0,5.0,2,4,1,3,40,75,Y,1,1,1,1,1,1,1,1,70,75,No,1,1,1,1,1,1,1,1,40,80,0,0,2,3,1,1,1,1
2024,99999,AL,01099.0,01099010200.0,Conventional:First Lien,Single Family (1-4 Units):Site-Built,Not Hispanic or Latino,White,Male,Application received,1,365000.0,85.2,7.5,1.0,3,10800.0,7500.0,3000.0,2800.0,200.0,300,0,0,0,0,1,0,1,440000.0,1,1,3,5,1,72.0,1,4444,3333,2.0,6.0,1,5,1.0,6.0,1,4,1,1,40,85,N,1,1,1,1,1,1,1,1,65,80,No,1,1,1,1,1,1,1,1,40,90,0,0,3,3,1,1,1,1
2024,25027,MA,25027.0,25027010300.0,Conventional:First Lien,Single Family (1-4 Units):Site-Built,Not Hispanic or Latino,White,Female,Application denied,1,290000.0,80.8,6.875,3.0,2,7200.0,5800.0,1500.0,2000.0,400.0,360,0,0,0,1,0,0,1,360000.0,1,1,2,4,1,68.0,1,6666,4444,3.0,7.0,1,4,5.0,6.0,2,4,1,1,45,72,N,1,1,1,1,1,1,1,1,65-74,70-74,No,1,1,1,1,1,1,1,1,35,75,0,0,3,3,2,1,1,1
2024,99999,KS,20169.0,20169070000.0,Conventional:First Lien,Single Family (1-4 Units):Site-Built,Not Hispanic or Latino,White,Female,Application approved,1,500000.0,72.1,6.9,1.0,2,16000.0,12000.0,3000.0,4000.0,400.0,300,0,0,0,1,1,1,1,650000.0,1,1,1,4,1,63.0,2,5555,2222,1.0,6.0,1,3,5.0,7.0,1,4,1,4,40,88,N,1,1,1,1,1,1,1,1,70,80,No,1,1,1,1,1,1,1,1,35,80,0,0,3,3,1,1,1,1
2024,42041,PA,42041.0,42041010100.0,FHA:First Lien,Single Family (1-4 Units):Site-Built,Unknown,Unknown,Unknown,Loan originated,1,620000.0,81.9,5.25,1.3,1,21600.0,13000.0,3200.0,3900.0,400.0,360,0,0,0,1,0,0,1,760000.0,1,1,2,1,0,68.0,2,1111,2222,2.0,7.0,1,4,5.0,5.0,2,4,1,4,36,77,Y,1,1,1,1,1,1,1,1,70,75,No,1,1,1,1,1,1,1,1,40,90,0,0,3,3,1,1,1,1
2024,99999,OR,41047.0,41047000100.0,VA:First Lien,Single Family (1-4 Units):Site-Built,Hispanic or Latino,White,Male,Application approved,1,525000.0,78.4,5.875,1.2,1,13400.0,9100.0,2800.0,2200.0,900.0,300,0,0,0,0,1,0,1,650000.0,1,1,2,5,0,69.0,4,1111,4444,2.0,7.0,1,5,6.0,5.0,1,4,1,4,40,72,N,1,1,1,1,1,1,1,1,70,80,No,1,1,1,1,1,1,1,1,38,81,0,0,3,3,1,2,1,1
2024,99999,MI,26101.0,26101120000.0,FHA:First Lien,Single Family (1-4 Units):Site-Built,Not Hispanic or Latino,White,Male,Loan originated,1,300000.0,75.2,7.125,1.2,2,13000.0,10900.0,4200.0,3000.0,400.0,300,0,0,0,0,0,0,1,400000.0,1,1,2,4,1,70.0,1,5555,6666,3.0,7.0,1,4,5.0,7.0,2,4,1,4,40,85,N,1,1,1,1,1,1,1,1,72,80,No,1,1,1,1,1,1,1,1,38,80,0,0,3,3,1,1,1,1
2024,99999,NH,33015.0,33015000100.0,Vacant Land:First Lien,Single Family (1-4 Units):Site-Built,Not Hispanic or Latino,White,Male,Application received,1,350000.0,87.8,6.75,1.8,3,9600.0,7500.0,4000.0,2000.0,500.0,360,0,0,0,1,0,0,1,400000.0,1,1,2,3,1,65.0,2,1111,2222,1.0,7.0,1,4,5.0,7.0,2,4,1,4,36,70,N,1,1,1,1,1,1,1,1,65-74,70-74,No,1,1,1,1,1,1,1,1,40,80,0,0,3,3,1,1,1,1
2024,99999,MD,24031.0,24031077000.0,FHA:First Lien,Single Family (1-4 Units):Site-Built,Not Hispanic or Latino,Asian,Female,Loan originated,1,500000.0,73.2,6.25,2.1,1,11200.0,8500.0,3500.0,2400.0,900.0,360,0,0,0,1,1,0,1,650000.0,1,0,3,4,1,68.0,3,1111,2222,2.0,7.0,1,5,5.0,7.0,2,4,1,1,38,60,N,1,1,1,1,1,1,1,1,65-74,70-74,No,1,1,1,1,1,1,1,1,40,90,0,0,3,3,1,1,1,1
2024,99999,TX,48045.0,48045008000.0,Vacant Land:First Lien,Single Family (1-4 Units):Site-Built,Not Hispanic or Latino,White,Male,Application denied,1,650000.0,83.5,6.75,1.2,3,17000.0,13000.0,2400.0,2000.0,400.0,360,0,0,0,1,0,1,1,800000.0,1,1,1,3,1,70.0,2,4444,3333,1.0,6.0,1,4,6.0,7.0,1,4,1,1,42,78,N,1,1,1,1,1,1,1,1,70,83,No,1,1,1,1,1,1,1,1,42,88,0,0,3,3,1,1,1,1
2024,25027,MA,25027.0,25027010300.0,Conventional:Second Lien,Single Family (1-4 Units):Site-Built,Not Hispanic or Latino,White,Female,Application denied,1,320000.0,88.4,6.25,0.25,3,10400.0,8000.0,2000.0,3000.0,400.0,300,0,0,0,1,1,1,0,400000.0,1,1,1,4,1,70.0,3,5555,5555,2.0,5.0,1,4,5.0,7.0,2,5,2,4,40,80,Y,1,1,1,1,1,1,1,1,70,85,No,1,1,1,1,1,1,1,1,35,80,0,0,3,3,1,1,1,1
2024,99999,NV,32025.0,32025010100.0,VA:First Lien,Single Family (1-4 Units):Site-Built,Not Hispanic or Latino,White,Female,Loan originated,1,480000.0,76.5,7.25,2.1,3,15700.0,10200.0,3800.0,1500.0,300.0,300,0,0,0,1,1,0,0,600000.0,1,1,1,4,1,68.0,3,2222,3333,2.0,7.0,1,2,5.0,3.0,2,4,1,4,32,80,Y,1,1,1,1,1,1,1,1,70,75,No,1,1,1,1,1,1,1,1,35,75,0,0,3,3,1,1,1,1
2024,30007,MT,30007.0,30007000100.0,Conventional:First Lien,Single Family (1-4 Units):Site-Built,Not Hispanic or Latino,White,Female,Application approved,1,400000.0,75.5,6.125,1.25,2,17000.0,12000.0,3800.0,2000.0,400.0,300,0,0,0,1,1,1,1,500000.0,1,1,1,4,1,70.0,3,1111,2222,2.0,10.0,1,5,3.0,8.0,2,5,1,5,40,75,N,1,1,1,1,1,1,1,1,70,85,No,1,1,1,1,1,1,1,1,35,75,0,0,3,3,1,1,1,1
2024,99999,UT,49035.0,49035010100.0,FHA:First Lien,Single Family (1-4 Units):Site-Built,Not Hispanic or Latino,White,Male,Loan originated,1,380000.0,82.2,6.50,1.25,2,14200.0,10400.0,3300.0,2800.0,500.0,300,0,0,0,1,1,0,1,460000.0,1,1,2,4,1,72.0,3,1111,2222,2.0,7.0,1,5,1.0,2.0,1,5,1,4,40,80,N,1,1,1,1,1,1,1,1,70,85,Yes,1,1,1,1,1,1,1,1,40,80,0,0,3,3,1,1,1,1
2024,99999,NY,36061.0,36061010901.0,Tax Credit:First Lien,Single Family (1-4 Units):Site-Built,Not Hispanic or Latino,White,Male,Application received,1,375000.0,71.2,6.75,1.4,1,12500.0,8100.0,2000.0,3000.0,200.0,300,0,0,0,1,0,1,1,500000.0,1,0,1,3,1,70.0,2,2222,5555,2.0,5.0,2,4,1.0,8.0,2,4,4,4,40,75,Y,1,1,1,1,1,1,1,1,70,80,No,1,1,1,1,1,1,1,1,40,80,0,0,3,3,1,1,1,1
2024,99999,HI,15003.0,15003010200.0,Conventional:First Lien,Single Family (1-4 Units):Site-Built,Hispanic or Latino,Hispanic or Latino,Male,Application denied,1,450000.0,79.7,7.125,1.0,3,17000.0,13000.0,2800.0,4000.0,200.0,300,0,0,0,1,0,1,0,550000.0,1,1,2,4,1,68.0,3,1111,2222,2.0,6.0,1,4,2.0,8.0,2,4,1,4,45,72,N,1,1,1,1,1,1,1,1,70,75,No,1,1,1,1,1,1,1,1,40,85,0,0,3,3,1,1,1,1
2024,99999,VT,50003.0,50003010100.0,Tax Credit:First Lien,Single Family (1-4 Units):Site-Built,Not Hispanic or Latino,White,Male,Loan originated,1,420000.0,76.2,6.25,1.25,3,13800.0,12000.0,3500.0,2000.0,400.0,300,0,0,0,1,1,0,0,500000.0,1,1,2,5,1,70.0,1,2222,2222,2.0,5.0,2,1,5.0,2.0,2,4,1,4,35,60,Y,1,1,1,1,1,1,1,1,65-74,70-74,No,1,1,1,1,1,1,1,1,35,80,0,0,3,3,1,1,1,1
2024,99999,ID,16003.0,16003000100.0,Conventional:First Lien,Single Family (1-4 Units):Site-Built,Not Hispanic or Latino,White,Female,Application received,1,295000.0,78.2,7.5,2.2,2,7400.0,5000.0,4000.0,1000.0,400.0,300,0,0,0,1,1,1,1,375000.0,1,1,1,4,1,72