2024,99999,CA,82031.0,82031020200.0,Conventional:First Lien,Single Family (1-4 Units):Site-Built,Hispanic or Latino,White,Male,Approved for loan,1,375000.0,85.0,6.375,2.125,3,2500.0,1000.0,1500.0,500.0,500.0,360,120,0,0,0,0,0,375000.0,1,1,1,1,2,125000.0,115000.0,3,3,1,2,1,2,1,2,1,2,55-64,55-64,No,1,1,1,0,1,1,1,1,1,2,16.0,30.0,1,1,4,2,5.5,8.0,2,2,2,2,4,4,80000.0,50000.0,No,,,55-64,Yes,1,1
2024,99999,TX,48007.0,48007040500.0,Veterans Affairs:First Lien,Single Family (1-4 Units):Site-Built,Not Hispanic or Latino,White,Male,Approved for loan,1,750000.0,79.5,5.625,2.75,3,3750.0,1500.0,2250.0,1750.0,500.0,360,120,3,0,0,1,0,750000.0,1,1,1,1,2,200000.0,150000.0,3,3,1,2,1,2,1,2,45-54,45-54,Yes,1,1,3,0,1,1,1,1,1,1,16.0,12.0,2,1,4,2,6.25,8.0,2,2,2,2,4,4,1000000.0,1000000.0,No,,,65-74,Yes,1,1
2024,99999,NY,36005.0,36005010400.0,FHA:First Lien,Single Family (1-4 Units):Site-Built,Not Hispanic or Latino,White,Female,Approved for loan,1,400000.0,85.0,5.875,3.0,3,3500.0,1250.0,2250.0,1500.0,500.0,360,120,3,0,0,1,0,400000.0,1,1,1,1,2,175000.0,125000.0,3,3,1,2,1,2,1,2,40-49,40-49,No,1,1,1,0,1,1,1,1,1,2,15.0,10.0,2,1,4,2,6.25,8.0,2,2,2,2,4,4,500000.0,500000.0,No,,,55-64,No,1,1
2024,99999,FL,12031.0,12031010200.0,Conventional:First Lien,Single Family (1-4 Units):Site-Built,Hispanic or Latino,White,Male,Approved for loan,1,550000.0,81.0,5.5,1.875,3,2937.5,1000.0,1937.5,1000.0,500.0,360,120,3,0,0,0,0,550000.0,1,1,1,1,2,150000.0,120000.0,3,3,1,2,1,2,1,2,35-44,35-44,No,1,1,2,0,1,1,1,1,1,2,16.0,25.0,2,1,2,2,5.25,8.0,2,2,2,2,4,4,750000.0,750000.0,Yes,,,74-84,Yes,1,1
2024,99999,IL,17031.0,17031020100.0,FHA:First Lien,Single Family (1-4 Units):Site-Built,Not Hispanic or Latino,Black,Male,Approved for loan,1,300000.0,79.5,6.25,2.25,3,2400.0,900.0,1500.0,900.0,600.0,360,120,3,0,0,0,0,300000.0,1,1,1,1,2,100000.0,80000.0,3,3,1,2,1,2,1,2,45-54,45-54,No,1,1,1,0,1,1,1,1,1,2,15.0,18.0,2,1,4,2,5.5,8.0,2,2,2,2,4,4,400000.0,400000.0,No,,,55-64,No,1,1
2024,99999,MI,26125.0,26125010100.0,Conventional:First Lien,Single Family (1-4 Units):Site-Built,Not Hispanic or Latino,White,Male,Approved for loan,1,500000.0,82.0,6.0,2.5,3,2875.0,1000.0,1875.0,1000.0,500.0,360,120,3,0,0,1,0,500000.0,1,1,1,1,2,190000.0,150000.0,3,3,1,2,1,2,1,2,50-59,50-59,Yes,1,1,1,0,1,1,1,1,1,2,16.0,20.0,1,1,4,2,5.75,8.0,2,2,2,2,4,4,800000.0,800000.0,No,,,55-64,Yes,1,1
2024,99999,OH,39077.0,39077010100.0,FHA:First Lien,Single Family (1-4 Units):Site-Built,Not Hispanic or Latino,White,Female,Approved for loan,1,450000.0,85.0,5.75,3.25,3,2600.0,1000.0,1800.0,1000.0,500.0,360,120,3,0,0,1,0,450000.0,1,1,1,1,2,175000.0,130000.0,3,3,1,2,1,2,1,2,40-49,40-49,Yes,1,1,1,0,1,1,1,1,1,2,15.0,15.0,2,1,4,2,6.75,8.0,2,2,2,2,4,4,550000.0,550000.0,No,,,55-64,No,1,1
2024,99999,WA,53033.0,53033040100.0,Conventional:First Lien,Single Family (1-4 Units):Site-Built,Hispanic or Latino,Asian,Male,Approved for loan,1,900000.0,82.5,4.875,2.625,3,4500.0,1500.0,3000.0,1500.0,500.0,360,120,3,0,0,1,0,900000.0,1,1,1,1,2,250000.0,200000.0,3,3,1,2,1,2,1,2,30-39,30-39,Yes,1,1,2,0,1,1,1,1,1,1,15.0,20.0,2,1,4,2,5.25,8.0,2,2,2,2,4,4,1000000.0,1000000.0,No,,,45-54,Yes,1,1
2024,99999,GA,13187.0,13187000300.0,FHA:First Lien,Single Family (1-4 Units):Site-Built,Not Hispanic or Latino,White,Female,Approved for loan,1,350000.0,85.0,5.25,2.0,3,2375.0,875.0,1625.0,875.0,500.0,360,120,3,0,0,1,0,350000.0,1,1,1,1,2,120000.0,90000.0,3,3,1,2,1,2,1,2,50-59,50-59,Yes,1,1,1,0,1,1,1,1,1,2,15.0,20.0,2,1,4,2,5.25,8.0,2,2,2,2,4,4,450000.0,450000.0,No,,,55-64,Yes,1,1
2024,99999,NV,32017.0,32017050200.0,Conventional:First Lien,Single Family (1-4 Units):Site-Built,Hispanic or Latino,Other,Not Available,Approved for loan,1,800000.0,82.5,5.375,2.5,3,3625.0,1250.0,2400.0,1250.0,500.0,360,120,3,0,0,1,0,800000.0,1,1,1,1,2,225000.0,175000.0,3,3,1,2,1,2,1,2,45-54,45-54,Yes,1,1,1,0,1,1,1,1,1,1,16.0,25.0,2,1,4,2,5.75,8.0,2,2,2,2,4,4,900000.0,900000.0,No,,,65-74,Yes,1,1
2024,99999,NC,37019.0,37019010100.0,Veterans Affairs:First Lien,Single Family (1-4 Units):Site-Built,Not Hispanic or Latino,Black,Female,Approved for loan,1,600000.0,83.0,6.25,3.5,3,3375.0,1000.0,2375.0,1000.0,500.0,360,120,3,0,0,0,0,600000.0,1,1,1,1,2,180000.0,150000.0,3,3,1,2,1,2,1,2,55-64,55-64,Yes,1,1,1,0,1,1,1,1,1,2,16.0,24.0,2,1,4,2,6.25,8.0,2,2,2,2,4,4,700000.0,700000.0,No,,,65-74,No,1,1
2024,99999,MA,25017.0,25017020300.0,FHA:First Lien,Single Family (1-4 Units):Site-Built,Not Hispanic or Latino,White,Female,Approved for loan,1,500000.0,85.0,5.4375,2.625,3,2900.0,1000.0,1900.0,1000.0,500.0,360,120,3,0,0,0,0,500000.0,1,1,1,1,2,175000.0,145000.0,3,3,1,2,1,2,1,2,40-49,40-49,Yes,1,1,1,0,1,1,1,1,1,2,15.0,12.0,2,1,4,2,6.25,8.0,2,2,2,2,4,4,600000.0,600000.0,No,,,55-64,Yes,1,1
2024,99999,OR,41039.0,41039010300.0,Conventional:First Lien,Single Family (1-4 Units):Site-Built,Not Hispanic or Latino,Hispanic or Latino,Female,Approved for loan,1,300000.0,80.0,6.0,2.87,3,3000.0,1000.0,2000.0,1000.0,500.0,360,120,3,0,0,1,0,300000.0,1,1,1,1,2,100000.0,80000.0,3,3,1,2,1,2,1,2,45-54,45-54,Yes,1,1,1,0,1,1,1,1,1,1,15.0,10.0,2,1,4,2,5.25,8.0,2,2,2,2,4,4,400000.0,400000.0,No,,,55-64,No,1,1
2024,99999,IN,18083.0,18083010300.0,Veterans Affairs:First Lien,Single Family (1-4 Units):Site-Built,Not Hispanic or Latino,White,Male,Approved for loan,1,450000.0,79.5,6.16,3.0,3,2300.0,1000.0,1300.0,1000.0,500.0,360,120,3,0,0,0,0,450000.0,1,1,1,1,2,150000.0,100000.0,3,3,1,2,1,2,1,2,50-59,50-59,No,1,1,1,0,1,1,1,1,1,2,16.0,25.0,1,1,4,2,6.25,8.0,2,2,2,2,4,4,500000.0,500000.0,Yes,,,55-64,No,1,1
2024,99999,CO,08047.0,08047050100.0,FHA:First Lien,Single Family (1-4 Units):Site-Built,Not Hispanic or Latino,White,Female,Approved for loan,1,380000.0,75.0,6.0,2.75,3,2500.0,1000.0,1500.0,1000.0,500.0,360,120,3,0,0,0,0,380000.0,1,1,1,1,2,120000.0,100000.0,3,3,1,2,1,2,1,2,50-59,50-59,Yes,1,1,1,0,1,1,1,1,1,2,15.0,12.0,2,1,4,2,6.25,8.0,2,2,2,2,4,4,400000.0,400000.0,No,,,55-64,No,1,1
2024,99999,PA,42029.0,42029830800.0,Conventional:First Lien,Single Family (1-4 Units):Site-Built,Not Hispanic or Latino,Asian,Male,Approved for loan,1,520000.0,85.0,5.875,3.25,3,3875.0,1250.0,2625.0,1250.0,500.0,360,120,3,0,0,1,0,520000.0,1,1,1,1,2,200000.0,170000.0,3,3,1,2,1,2,1,2,50-59,50-59,Yes,1,1,1,0,1,1,1,1,1,2,16.0,20.0,2,1,4,2,6.25,8.0,2,2,2,2,4,4,600000.0,600000.0,No,,,55-64,Yes,1,1
2024,99999,SC,45011.0,45011090900.0,Conventional:First Lien,Single Family (1-4 Units):Site-Built,Hispanic or Latino,White,Male,Approved for loan,1,750000.0,80.0,6.125,2.875,3,4250.0,1250.0,3000.0,1250.0,500.0,360,120,3,0,0,1,0,750000.0,1,1,1,1,2,225000.0,200000.0,3,3,1,2,1,2,1,2,55-64,55-64,Yes,1,1,1,0,1,1,1,1,1,2,17.0,22.0,2,1,4,2,6.0,8.0,2,2,2,2,4,4,900000.0,900000.0,No,,,65-74,Yes,1,1
2024,99999,MI,26031.0,26031010200.0,FHA:First Lien,Single Family (1-4 Units):Site-Built,Not Hispanic or Latino,White,Female,Approved for loan,1,325000.0,76.0,5.75,2.625,3,2300.0,900.0,1400.0,900.0,500.0,360,120,3,0,0,0,0,325000.0,1,1,1,1,2,100000.0,90000.0,3,3,1,2,1,2,1,2,40-49,40-49,Yes,1,1,1,0,1,1,1,1,1,2,15.0,10.0,2,1,4,2,6.25,8.0,2,2,2,2,4,4,400000.0,400000.0,No,,,55-64,No,1,1
2024,99999,TX,48179.0,48179010400.0,Veterans Affairs:First Lien,Single Family (1-4 Units):Site-Built,Not Hispanic or Latino,White,Male,Approved for loan,1,675000.0,78.0,5.75,2.125,3,2800.0,1000.0,1000.0,1000.0,500.0,360,120,0,0,0,1,0,675000.0,1,1,1,1,2,250000.0,180000.0,3,3,1,2,1,2,1,2,35-44,35-44,No,1,1,1,0,1,1,1,1,1,2,16.0,22.0,1,1,4,2,5.75,8.0,2,2,2,2,4,4,800000.0,800000.0,No,,,55-64,Yes,1,1
2024,99999,MO,29013.0,29013090300.0,FHA:First Lien,Single Family (1-4 Units):Site-Built,Not Hispanic or Latino,White,Male,Approved for loan,1,400000.0,82.0,5.625,3.25,3,2500.0,1000.0,1500.0,1000.0,500.0,360,120,3,0,0,0,0,400000.0,1,1,1,1,2,120000.0,100000.0,3,3,1,2,1,2,1,2,40-49,40-49,Yes,1,1,1,0,1,1,1,1,1,2,15.0,12.0,2,1,4,2,5.25,8.0,2,2,2,2,4,4,500000.0,500000.0,No,,,55-64,Yes,1,1
2024,99999,NC,37077.0,37077070100.0,Conventional:First Lien,Single Family (1-4 Units):Site-Built,Not Hispanic or Latino,White,Male,Approved for loan,1,400000.0,80.0,6.0,2.5,3,2750.0,1000.0,1750.0,1000.0,500.0,360,120,0,0,0,1,0,400000.0,1,1,1,1,2,150000.0,120000.0,3,3,1,2,1,2,1,2,30-39,30-39,Yes,1,1,1,0,1,1,1,1,1,2,16.0,25.0,2,1,4,2,6.25,8.0,2,2,2,2,4,4,600000.0,600000.0,No,,,65-74,Yes,1,1
2024,99999,MD,24021.0,24021040400.0,FHA:First Lien,Single Family (1-4 Units):Site-Built,Hispanic or Latino,White,Male,Approved for loan,1,350000.0,76.0,5.0,2.0,3,1850.0,900.0,1500.0,900.0,500.0,360,120,3,0,0,1,0,350000.0,1,1,1,1,2,100000.0,75000.0,3,3,1,2,1,2,1,2,50-59,50-59,Yes,1,1,1,0,1,1,1,1,1,2,15.0,15.0,1,1,4,2,5.0,8.0,2,2,2,2,4,4,400000.0,400000.0,No,,,55-64,Yes,1,1
2024,99999,WI,55001.0,55001010200.0,Veterans Affairs:First Lien,Single Family (1-4 Units):Site-Built,Not Hispanic or Latino,White,Male,Approved for loan,1,500000.0,82.5,5.8125,2.375,3,2700.0,1000.0,1700.0,1000.0,500.0,360,120,3,0,0,0,0,500000.0,1,1,1,1,2,170000.0,150000.0,3,3,1,2,1,2,1,2,40-49,40-49,Yes,1,1,1,0,1,1,1,1,1,2,16.0,20.0,2,1,4,2,5.75,8.0,2,2,2,2,4,4,600000.0,600000.0,No,,,55-64,No,1,1
2024,99999,CA,06037.0,06037115300.0,Conventional:First Lien,Single Family (1-4 Units):Site-Built,Not Hispanic or Latino,White,Female,Approved for loan,1,1000000.0,82.0,5.5,2.25,3,3750.0,1250.0,2250.0,1250.0,500.0,360,120,3,0,0,1,0,1000000.0,1,1,1,1,2,300000.0,250000.0,3,3,1,2,1,2,1,2,50-59,50-59,Yes,1,1,1,0,1,1,1,1,1,2,17.0,10.0,2,1,4,2,6.25,8.0,2,2,2,2,4,4,1200000.0,1200000.0,Yes,,,65-74,No,1,1
2024,99999,VT,50001.0,50001010100.0,FHA:First Lien,Single Family (1-4 Units):Site-Built,Hispanic or Latino,Hispanic or Latino,Male,Approved for loan,1,280000.0,79.25,4.75,1.5,3,1500.0,750.0,1000.0,750.0,500.0,360,120,3,0,0,0,0,280000.0,1,1,1,1,2,90000.0,80000.0,3,3,1,2,1,2,1,2,55-64,55-64,Yes,1,1,1,0,1,1,1,1,1,2,15.0,18.0,2,1,4,2,5.25,8.0,2,2,2,2,4,4,300000.0,300000.0,No,,,65-74,No,1,1
2024,99999,DE,10001.0,10001110000.0,Veterans Affairs:First Lien,Single Family (1-4 Units):Site-Built,Not Hispanic or Latino,White,Male,Approved for loan,1,320000.0,82.0,6.125,2.5,3,2100.0,750.0,1350.0,750.0,500.0,360,120,3,0,0,0,0,320000.0,1,1,1,1,2,100000.0,90000.0,3,3,1,2,1,2,1,2,50-59,50-59,No,1,1,1,0,1,1,1,1,1,2,16.0,22.0,2,1,4,2,5.0,8.0,2,2,2,2,4,4,400000.0,400000.0,Yes,,,55-64,No,1,1
2024,99999,FL,12009.0,12009100300.0,FHA:First Lien,Single Family (1-4 Units):Site-Built,Hispanic or Latino,White,Male,Approved for loan,1,380000.0,80.0,5.25,2.0,3,2187.5,1000.0,1500.0,1000.0,500.0,360,120,3,0,0,0,0,380000.0,1,1,1,1,2,100000.0,85000.0,3,3,1,2,1,2,1,2,45-54,45-54,No,1,1,1,0,1,1,1,1,1,2,16.0,12.0,2,1,4,2,5.25,8.0,2,2,2,2,4,4,500000.0,500000.0,No,,,65-74,No,1,1
2024,99999,AR,05009.0,05009010200.0,Conventional:First Lien,Single Family (1-4 Units