2024,99999,ME,31830.0,31830015710.0,Conventional:First Lien,Single Family (1-4 Units):Site-Built,Not Hispanic or Latino,White,Male,File closed for incompleteness,31,27000.0,0.82,0.0,2.5,0.0,2,0.0,0.0,0.0,0.0,0.0,0.0,0.0,0.0,0.0,0.0,0.0,0.0,0.0,0.0,0.0,0.0,1111,1111,2.0,5.0,2,4,5.0,8.0,2,4,1,5,2,4,55-64,9999,Yes,,1,1
2024,12054,CO,29419.0,29419062149.0,FHA:First Lien,Single Family (1-4 Units):Site-Built,Not Hispanic or Latino,White,Male,6,33,240000.0,5.125,0.0,0.0,0.0,0.0,0.0,0.0,0.0,0.0,0.0,0.0,0.0,0.0,0.0,0.0,0.0,0.0,0.0,0.0,0.0,0.0,9,9,5.0,5.0,3,3,7.0,7.0,3,3,4,4,3,3,8888,8888,,,3,3
2024,99999,NY,23530.0,23530298450.0,VA:First Lien,Single Family (1-4 Units):Site-Built,Not Hispanic or Latino,White,Male,Application denied,33,400000.0,3.5,0.0,0.0,0.0,0.0,0.0,0.0,0.0,0.0,0.0,0.0,0.0,0.0,0.0,0.0,0.0,0.0,0.0,0.0,0.0,0.0,0.0,9,10,3.0,5.0,2,4,6.0,8.0,2,4,3,5,2,4,65-74,9999,Yes,,1,1
2024,15957,IL,17469.0,17469022171.0,FHA:First Lien,Single Family (1-4 Units):Site-Built,Not Hispanic or Latino,White,Male,File closed for incompleteness,31,200000.0,4.875,0.0,0.0,0.0,0.0,0.0,0.0,0.0,0.0,0.0,0.0,0.0,0.0,0.0,0.0,0.0,0.0,0.0,0.0,0.0,0.0,0.0,0.0,10,10,4.0,5.0,2,4,7.0,7.0,2,4,4,4,2,4,8888,8888,,,3,3
2024,12054,SD,22180.0,22180026451.0,Conventional:First Lien,Single Family (1-4 Units):Site-Built,Not Hispanic or Latino,White,Male,6,32,220000.0,5.5,0.0,0.0,0.0,0.0,0.0,0.0,0.0,0.0,0.0,0.0,0.0,0.0,0.0,0.0,0.0,0.0,0.0,0.0,0.0,0.0,0.0,9,9,6.0,6.0,3,3,9.0,9.0,3,3,5,5,3,3,8888,8888,,,3,3
2024,99999,VT,27838.0,27838148692.0,VA:First Lien,Single Family (1-4 Units):Site-Built,Not Hispanic or Latino,White,Male,File closed for incompleteness,33,320000.0,3.25,0.0,0.0,0.0,0.0,0.0,0.0,0.0,0.0,0.0,0.0,0.0,0.0,0.0,0.0,0.0,0.0,0.0,0.0,0.0,0.0,0.0,0.0,11,11,2.0,5.0,2,4,5.0,8.0,2,4,1,5,2,4,55-64,9999,Yes,,1,1
2024,12054,CT,18127.0,18127310981.0,FHA:First Lien,Single Family (1-4 Units):Site-Built,Not Hispanic or Latino,White,Male,6,34,280000.0,4.75,0.0,0.0,0.0,0.0,0.0,0.0,0.0,0.0,0.0,0.0,0.0,0.0,0.0,0.0,0.0,0.0,0.0,0.0,0.0,0.0,0.0,9,9,5.0,5.0,3,3,7.0,7.0,3,3,4,4,3,3,8888,8888,,,3,3
2024,99999,AL,22605.0,22605115542.0,Conventional:Subordinate Lien,Single Family (1-4 Units):Site-Built,Not Hispanic or Latino,White,Male,Application denied,32,180000.0,3.625,0.0,0.0,0.0,0.0,0.0,0.0,0.0,0.0,0.0,0.0,0.0,0.0,0.0,0.0,0.0,0.0,0.0,0.0,0.0,0.0,0.0,0.0,9,9,3.0,5.0,2,4,6.0,8.0,2,4,3,5,2,4,65-74,9999,Yes,,1,1
2024,12054,ND,18463.0,18462901116.0,FHA:First Lien,Single Family (1-4 Units):Site-Built,Not Hispanic or Latino,White,Male,6,35,300000.0,4.0,0.0,0.0,0.0,0.0,0.0,0.0,0.0,0.0,0.0,0.0,0.0,0.0,0.0,0.0,0.0,0.0,0.0,0.0,0.0,0.0,0.0,10,10,5.0,5.0,3,3,7.0,7.0,3,3,4,4,3,3,8888,8888,,,3,3
2024,99999,IA,26193.0,26193360158.0,VA:First Lien,Single Family (1-4 Units):Site-Built,Not Hispanic or Latino,White,Male,File closed for incompleteness,32,280000.0,3.5,0.0,0.0,0.0,0.0,0.0,0.0,0.0,0.0,0.0,0.0,0.0,0.0,0.0,0.0,0.0,0.0,0.0,0.0,0.0,0.0,0.0,0.0,9,9,3.0,5.0,2,4,6.0,8.0,2,4,3,5,2,4,65-74,9999,Yes,,1,1
2024,12054,WI,25356.0,25356273721.0,FHA:First Lien,Single Family (1-4 Units):Site-Built,Not Hispanic or Latino,White,Male,6,36,320000.0,4.25,0.0,0.0,0.0,0.0,0.0,0.0,0.0,0.0,0.0,0.0,0.0,0.0,0.0,0.0,0.0,0.0,0.0,0.0,0.0,0.0,0.0,9,9,5.0,5.0,3,3,7.0,7.0,3,3,4,4,3,3,8888,8888,,,3,3
2024,99999,MA,26865.0,26865751168.0,Conventional:First Lien,Single Family (1-4 Units):Site-Built,Not Hispanic or Latino,White,Male,Application denied,34,420000.0,3.75,0.0,0.0,0.0,0.0,0.0,0.0,0.0,0.0,0.0,0.0,0.0,0.0,0.0,0.0,0.0,0.0,0.0,0.0,0.0,0.0,0.0,0.0,9,10,4.0,5.0,2,4,6.0,8.0,2,4,3,5,2,4,65-74,9999,Yes,,1,1
2024,12054,MT,24665.0,24665413941.0,FHA:First Lien,Single Family (1-4 Units):Site-Built,Not Hispanic or Latino,White,Male,6,37,380000.0,3.5,0.0,0.0,0.0,0.0,0.0,0.0,0.0,0.0,0.0,0.0,0.0,0.0,0.0,0.0,0.0,0.0,0.0,0.0,0.0,0.0,0.0,9,9,5.0,5.0,3,3,7.0,7.0,3,3,4,4,3,3,8888,8888,,,3,3
2024,99999,FL,24493.0,24493682946.0,Conventional:Subordinate Lien,Single Family (1-4 Units):Site-Built,Not Hispanic or Latino,White,Male,File closed for incompleteness,31,190000.0,3.125,0.0,0.0,0.0,0.0,0.0,0.0,0.0,0.0,0.0,0.0,0.0,0.0,0.0,0.0,0.0,0.0,0.0,0.0,0.0,0.0,0.0,0.0,9,9,3.0,5.0,2,4,6.0,8.0,2,4,3,5,2,4,55-64,9999,Yes,,1,1
2024,12054,NE,29862.0,29862316485.0,FHA:First Lien,Single Family (1-4 Units):Site-Built,Not Hispanic or Latino,White,Male,6,38,420000.0,3.75,0.0,0.0,0.0,0.0,0.0,0.0,0.0,0.0,0.0,0.0,0.0,0.0,0.0,0.0,0.0,0.0,0.0,0.0,0.0,0.0,0.0,9,9,5.0,5.0,3,3,7.0,7.0,3,3,4,4,3,3,8888,8888,,,3,3
2024,99999,WY,21921.0,21921159896.0,Conventional:First Lien,Single Family (1-4 Units):Site-Built,Not Hispanic or Latino,White,Male,Application denied,32,140000.0,3.5,0.0,0.0,0.0,0.0,0.0,0.0,0.0,0.0,0.0,0.0,0.0,0.0,0.0,0.0,0.0,0.0,0.0,0.0,0.0,0.0,0.0,0.0,9,9,3.0,5.0,2,4,6.0,8.0,2,4,3,5,2,4,65-74,9999,Yes,,1,1
2024,12054,TN,18700.0,18700274091.0,FHA:First Lien,Single Family (1-4 Units):Site-Built,Not Hispanic or Latino,White,Male,6,39,450000.0,3.5,0.0,0.0,0.0,0.0,0.0,0.0,0.0,0.0,0.0,0.0,0.0,0.0,0.0,0.0,0.0,0.0,0.0,0.0,0.0,0.0,0.0,9,9,5.0,5.0,3,3,7.0,7.0,3,3,4,4,3,3,8888,8888,,,3,3
2024,99999,DE,21628.0,21628353644.0,VA:First Lien,Single Family (1-4 Units):Site-Built,Not Hispanic or Latino,White,Male,File closed for incompleteness,33,260000.0,3.75,0.0,0.0,0.0,0.0,0.0,0.0,0.0,0.0,0.0,0.0,0.0,0.0,0.0,0.0,0.0,0.0,0.0,0.0,0.0,0.0,0.0,0.0,9,9,4.0,5.0,2,4,6.0,8.0,2,4,3,5,2,4,55-64,9999,Yes,,1,1
2024,12054,WV,17389.0,17389361913.0,FHA:First Lien,Single Family (1-4 Units):Site-Built,Not Hispanic or Latino,White,Male,6,40,480000.0,3.25,0.0,0.0,0.0,0.0,0.0,0.0,0.0,0.0,0.0,0.0,0.0,0.0,0.0,0.0,0.0,0.0,0.0,0.0,0.0,0.0,0.0,9,9,5.0,5.0,3,3,7.0,7.0,3,3,4,4,3,3,8888,8888,,,3,3
2024,99999,KS,29332.0,29332684119.0,FHA:First Lien,Single Family (1-4 Units):Site-Built,Not Hispanic or Latino,White,Male,Application denied,35,500000.0,3.0,0.0,0.0,0.0,0.0,0.0,0.0,0.0,0.0,0.0,0.0,0.0,0.0,0.0,0.0,0.0,0.0,0.0,0.0,0.0,0.0,0.0,0.0,9,10,5.0,5.0,2,4,6.0,8.0,2,4,3,5,2,4,65-74,9999,Yes,,1,1
2024,12054,KY,29951.0,29951512166.0,Conventional:Subordinate Lien,Single Family (1-4 Units):Site-Built,Not Hispanic or Latino,White,Male,6,41,520000.0,3.5,0.0,0.0,0.0,0.0,0.0,0.0,0.0,0.0,0.0,0.0,0.0,0.0,0.0,0.0,0.0,0.0,0.0,0.0,0.0,0.0,0.0,9,9,5.0,5.0,3,3,7.0,7.0,3,3,4,4,3,3,8888,8888,,,3,3
2024,99999,OK,28174.0,28174465830.0,FHA:First Lien,Single Family (1-4 Units):Site-Built,Not Hispanic or Latino,White,Male,File closed for incompleteness,34,360000.0,3.25,0.0,0.0,0.0,0.0,0.0,0.0,0.0,0.0,0.0,0.0,0.0,0.0,0.0,0.0,0.0,0.0,0.0,0.0,0.0,0.0,0.0,0.0,9,9,4.0,5.0,2,4,6.0,8.0,2,4,3,5,2,4,55-64,9999,Yes,,1,1
2024,12054,UT,23574.0,23574817250.0,FHA:First Lien,Single Family (1-4 Units):Site-Built,Not Hispanic or Latino,White,Male,6,42,550000.0,3.5,0.0,0.0,0.0,0.0,0.0,0.0,0.0,0.0,0.0,0.0,0.0,0.0,0.0,0.0,0.0,0.0,0.0,0.0,0.0,0.0,0.0,9,9,5.0,5.0,3,3,7.0,7.0,3,3,4,4,3,3,8888,8888,,,3,3
2024,99999,ND,22762.0,22762572162.0,VA:First Lien,Single Family (1-4 Units):Site-Built,Not Hispanic or Latino,White,Male,Application denied,35,600000.0,3.0,0.0,0.0,0.0,0.0,0.0,0.0,0.0,0.0,0.0,0.0,0.0,0.0,0.0,0.0,0.0,0.0,0.0,0.0,0.0,0.0,0.0,0.0,9,10,5.0,5.0,2,4,6.0,8.0,2,4,3,5,2,4,65-74,9999,Yes,,1,1
2024,12054,ME,14190.0,14190266087.0,FHA:First Lien,Single Family (1-4 Units):Site-Built,Not Hispanic or Latino,White,Male,6,43,580000.0,3.5,0.0,0.0,0.0,0.0,0.0,0.0,0.0,0.0,0.0,0.0,0.0,0.0,0.0,0.0,0.0,0.0,0.0,0.0,0.0,0.0,0.0,9,9,5.0,5.0,3,3,7.0,7.0,3,3,4,4,3,3,8888,8888,,,3,3
2024,99999,MS,27587.0,27587763023.0,FHA:First Lien,Single Family (1-4 Units):Site-Built,Not Hispanic or Latino,White,Male,File closed for incompleteness,33,400000.0,3.25,0.0,0.0,0.0,0.0,0.0,0.0,0.0,0.0,0.0,0.0,0.0,0.0,0.0,0.0,0.0,0.0,0.0,0.0,0.0,0.0,0.0,0.0,9,9,4.0,5.0,2,4,6.0,8.0,2,4,3,5,2,4,55-64,9999,Yes,,1,1
2024,12054,SC,26109.0,26109387278.0,FHA:First Lien,Single Family (1-4 Units):Site-Built,Not Hispanic or Latino,White,Male,6,44,610000.0,3.5,0.0,0.0,0.0,0.0,0.0,0.0,0.0,0.0,0.0,0.0,0.0,0.0,0.0,0.0,0.0,0.0,0.0,0.0,0.0,0.0,0.0,9,9,5.0,5.0,3,3,7.0,7.0,3,3,4,4,3,3,8888,8888,,,3,3
2024,99999,MO,29404.0,29404430870.0,FHA:First Lien,Single Family (1-4 Units):Site-Built,Not Hispanic or Latino,White,Male,Application denied,35,650000.0,3.0,0.0,0.0,0.0,0.0,0.0,0.0,0.0,0.0,0.0,0.0,0.0,0.0,0.0,0.0,0.0,0.0,0.0,0.0,0.0,0.0,0.0,0.0,9,10,5.0,5.0,2,4,6.0,8.0,2,4,3,5,2,4,65-74,9999,Yes,,1,1
2024,12054,AR,21673.0,21673733045.0,Conventional:Subordinate Lien,Single Family (1-4 Units):Site-Built,Not Hispanic or Latino,White,Male,6,45,640000.0,3.5,0.0,0.0,0.0,0.0,0.0,0.0,0.0,0.0,0.0,0.0,0.0,0.0,0.0,0.0,0.0,0.0,0.0,0.0,0.0,0.0,0.0,9,9,5.0,5.0,3,3,7.0,7.0,3,3,4,4,3,3,8888,8888,,,3,3
2024,99999,AK,26496.0,26496688927.0,FHA:First Lien,Single Family (1-4 Units):Site-Built,Not Hispanic or Latino,White,Male,File closed for incompleteness,33,420000.0,3.5,0.0,0.0,0.0,0.0,0.0,0.0,0.0,0.0,0.0,0.0,0.0,0.0,0.0,0.0,0.0,0.0,0.0,0.0,0.0,0.0,0.0,0.0,9,9,4.0,5.0,2,4,6.0,8.0,2,4,3,5,2,4,55-64,9999,Yes,,1,1
2024,12054,LV,23628.0,23628316453.0,FHA:First Lien,Single Family (1-4 Units):Site-Built,Not Hispanic or Latino,White,Male,6,46,670000.0,3.5,0.0,0.0,0.0,0.0,0.0,0.0,0.0,0.0,0.0,0.0,0.0,0.0,0.0,0.0,0.0,0.0,0.0,0.0,0.0,0.0,0.0,9,9,5.0,5.0,3,3,7.0,7.0,3,3,4,4,3,3,8888,8888,,,3,3
2024,99999,HI,24479.0,24479419790.0,Conventional:First Lien,Single Family (1-4 Units):Site-Built,Not Hispanic or Latino,White,Male,Application denied,35,700000.0,3.0,0.0,0.0,0.0,0.0,0.0,0.0,0.0,0.0,0.0,0.0,0.0,0.0,0.0,0.0,0.0,0.0,0.0,0.0,0.0,0.0,0.0,0.0,9,10,5.0,5.0,2,4,6.0,8.0,2,4,3,5,2,4,65-74,9999,Yes,,1,1
2024,12054,CA,18127.0,18127255858.0,FHA:First Lien,Single Family (1-4 Units):Site-Built,Not Hispanic or Latino,White,Male,6,47,700000.0,3.5,0.0,0.0,0.0,0.0,0.0,0.0,0.0,0.0,0.0,0.0,0.0,0.0,0.0,0.0,0.0,0.0,0.0,0.0,0.0,0.0,0.0,9,9,5.0,5.0,3,3,7.0,7.0,3,3,4,4,3,3,8888,8888,,,3,3