EmployerName,SicCodes,DiffMeanHourlyPercent,DiffMedianHourlyPercent,DiffMeanBonusPercent,DiffMedianBonusPercent,MaleBonusPercent,FemaleBonusPercent,MaleLowerQuartile,FemaleLowerQuartile,MaleLowerMiddleQuartile,FemaleLowerMiddleQuartile,MaleUpperMiddleQuartile,FemaleUpperMiddleQuartile,MaleTopQuartile,FemaleTopQuartile,EmployerSize,DateSubmitted
Thameslink Rail Ltd,49100,12.3,14.7,22.1,25.8,68.2,45.9,58,42,61,39,65,35,72,28,500 to 999,2024-11-15
Brighton & Hove City Council,84110,8.1,9.4,15.2,18.6,41.3,38.7,45,55,42,58,40,60,38,62,1000 to 4999,2024-10-22
Cotswold Outdoor Ltd,47640,16.8,18.2,28.5,31.2,73.4,52.1,62,38,59,41,65,35,70,30,1000 to 4999,2025-01-08
University of Roehampton,85310,14.2,15.9,19.7,22.4,34.8,31.5,44,56,41,59,39,61,36,64,1000 to 4999,2024-12-03
Morrison Utility Services,42220,18.5,20.1,32.8,35.4,78.9,65.2,71,29,68,32,74,26,79,21,5000 to 19,999,2025-02-14
The Belfry Hotel & Resort,55110,21.7,23.5,38.2,41.6,81.3,68.7,75,25,72,28,76,24,82,18,500 to 999,2024-09-30
Yorkshire Water Services Ltd,36000,11.4,13.2,20.5,23.1,62.7,58.3,54,46,51,49,56,44,61,39,5000 to 19,999,2024-11-27
Penguin Random House UK Ltd,58110,13.6,15.1,24.3,27.8,45.2,42.9,48,52,45,55,43,57,40,60,1000 to 4999,2025-01-20
Nottingham Trent University,85310,9.8,11.2,16.4,19.2,38.5,35.7,42,58,39,61,37,63,33,67,5000 to 19,999,2024-10-15
Eurostar International Ltd,49100,15.9,17.6,26.7,29.3,55.8,51.4,52,48,49,51,54,46,59,41,1000 to 4999,2024-12-18
River Island Clothing Co Ltd,47710,19.2,21.8,33.5,36.9,76.4,71.2,68,32,65,35,70,30,75,25,5000 to 19,999,2025-03-05
Sheffield Teaching Hospitals NHS FT,86101,13.7,15.4,18.9,21.7,32.1,29.8,41,59,38,62,36,64,31,69,20,000 or more,2024-11-11
The Coal Authority,99000,10.2,11.9,19.3,22.5,59.6,54.8,50,50,47,53,52,48,57,43,250 to 499,2024-10-07
Bristol Airport Ltd,52230,17.4,19.2,30.1,33.7,71.8,66.3,64,36,61,39,66,34,72,28,1000 to 4999,2025-02-28
The Gym Group plc,93130,22.6,24.8,39.4,42.7,83.5,78.1,76,24,73,27,78,22,84,16,1000 to 4999,2024-09-19
Historic Royal Palaces,91020,12.8,14.5,21.6,24.9,42.7,39.2,46,54,43,57,41,59,37,63,500 to 999,2024-12-12
Stagecoach Manchester,49320,14.9,16.7,25.3,28.6,67.2,62.9,58,42,55,45,60,40,65,35,5000 to 19,999,2025-01-30
Aberystwyth University,85310,11.5,13.1,18.7,21.4,35.9,32.6,43,57,40,60,38,62,34,66,1000 to 4999,2024-11-25
DFS Furniture Co plc,31020,20.3,22.1,35.8,38.5,79.2,74.6,70,30,67,33,72,28,77,23,5000 to 19,999,2025-02-09
National Express West Midlands,49310,16.2,18.0,27.9,30.8,69.5,64.7,62,38,59,41,64,36,69,31,5000 to 19,999,2024-10-29
The Royal British Legion,94990,9.4,10.8,16.1,18.9,37.2,34.5,44,56,41,59,39,61,35,65,1000 to 4999,2024-12-05
Gousto Ltd,47910,18.7,20.5,31.2,34.6,74.8,69.3,66,34,63,37,68,32,73,27,500 to 999,2025-01-14
Northumberland County Council,84110,7.9,9.2,14.8,17.5,39.7,36.8,46,54,43,57,41,59,37,63,5000 to 19,999,2024-11-08
Vue Entertainment Ltd,59140,23.1,25.4,40.7,43.9,85.2,80.6,78,22,75,25,80,20,86,14,1000 to 4999,2025-03-12
University of Sunderland,85310,13.9,15.6,20.2,23.0,36.4,33.1,43,57,40,60,38,62,33,67,1000 to 4999,2024-10-21
Boots UK Ltd,47730,15.6,17.3,26.8,29.5,58.9,54.2,55,45,52,48,57,43,62,38,20,000 or more,2024-12-30
ScottishPower Energy Retail Ltd,35140,12.4,14.1,22.3,25.7,61.5,56.8,53,47,50,50,55,45,60,40,5000 to 19,999,2025-01-25
The Rank Group plc,92000,21.3,23.7,37.2,40.8,82.7,77.9,74,26,71,29,76,24,81,19,1000 to 4999,2024-11-03
Bournemouth University,85310,10.7,12.3,17.5,20.2,37.1,34.0,44,56,41,59,39,61,35,65,1000 to 4999,2024-10-13
First TransPennine Express,49100,13.8,15.5,24.6,27.3,56.2,52.1,51,49,48,52,53,47,58,42,1000 to 4999,2025-02-17
The Works Stores Ltd,47640,19.5,21.9,34.1,37.5,77.3,72.8,69,31,66,34,71,29,76,24,1000 to 4999,2024-12-22
City of Lincoln Council,84110,8.6,10.1,15.9,18.7,40.4,37.6,45,55,42,58,40,60,36,64,500 to 999,2024-11-30
Odeon Cinemas Ltd,59140,22.8,25.1,39.8,43.2,84.6,79.5,77,23,74,26,79,21,85,15,5000 to 19,999,2025-03-08
University of Cumbria,85310,12.1,13.8,19.4,22.1,35.2,32.0,43,57,40,60,38,62,34,66,1000 to 4999,2024-10-05
McArthurGlen UK Ltd,47990,16.9,18.6,29.3,32.7,72.5,67.9,63,37,60,40,65,35,70,30,1000 to 4999,2025-01-19
Southern Water Services Ltd,36000,10.8,12.5,19.7,22.8,60.1,55.7,52,48,49,51,54,46,59,41,5000 to 19,999,2024-11-20
Harrods Ltd,47710,17.5,19.3,30.6,33.9,70.4,65.8,64,36,61,39,66,34,71,29,5000 to 19,999,2024-12-27
Newcastle University,85310,11.3,12.9,18.1,20.8,36.7,33.4,42,58,39,61,37,63,32,68,5000 to 19,999,2025-01-12
Gala Coral Group Ltd,92000,20.7,22.9,36.4,39.7,81.8,76.2,73,27,70,30,75,25,80,20,1000 to 4999,2024-11-15
The Co-operative Food,47110,14.2,15.8,23.5,26.2,57.3,52.6,54,46,51,49,56,44,61,39,20,000 or more,2024-12-31
University of Salford,85310,12.6,14.3,19.8,22.6,37.5,34.2,44,56,41,59,39,61,34,66,1000 to 4999,2024-10-17
Virgin Trains West Coast,49100,14.7,16.4,25.1,28.4,57.9,53.2,53,47,50,50,55,45,60,40,5000 to 19,999,2025-02-05
House of Fraser Ltd,47710,18.3,20.7,32.9,36.3,75.6,70.1,67,33,64,36,69,31,74,26,1000 to 4999,2024-12-15
Lancaster University,85310,10.4,11.9,17.2,19.9,35.8,32.5,43,57,40,60,38,62,33,67,1000 to 4999,2024-11-07
Greene King plc,56302,19.8,22.2,34.7,38.1,78.4,73.2,70,30,67,33,72,28,77,23,5000 to 19,999,2025-01-03
Cardiff University,85310,11.8,13.5,18.9,21.6,36.2,32.9,42,58,39,61,37,63,32,68,5000 to 19,999,2024-10-23
Betfred Group Ltd,92000,21.9,24.3,38.6,41.9,83.1,78.4,75,25,72,28,77,23,82,18,1000 to 4999,2025-03-01