MISHCON DE REYA GROUP (OPERATIONS) LIMITED,64209,30.4,23.6,73.9,30.0,55.4,64.0,25.4,74.6,15.1,84.9,27.0,73.0,55.6,44.4,500-999,2025-04-03 15:10:41
HAYLEY & CO,73400,25.8,18.9,62.1,28.5,48.2,56.7,28.3,71.7,18.4,81.6,32.2,67.8,54.8,45.2,100-499,2025-03-22 09:15:22
ROBERTS AND CO.,74300,32.1,26.3,78.9,35.2,61.3,69.8,23.7,76.3,16.8,83.2,29.4,70.6,57.2,42.8,250-499,2025-02-18 14:30:17
CROWN PROPERTY GROUP,75100,19.6,14.2,45.3,16.7,34.5,42.1,31.2,68.8,22.1,77.9,36.8,63.2,48.9,51.1,1000-9999,2025-05-11 11:45:33
BARNES & ASSOCIATES,76200,28.3,21.7,67.4,29.1,52.8,60.3,26.5,73.5,17.9,82.1,28.7,71.3,54.2,45.8,50-249,2025-01-30 13:22:44
STORM INVESTMENTS PLC,77100,22.4,16.8,54.2,23.5,41.7,50.1,29.8,70.2,19.3,80.7,33.4,66.6,52.8,47.2,1000-9999,2025-06-15 16:05:12
WESTMINSTER CONSULTANTS,78400,35.7,29.4,82.1,38.9,65.2,74.3,24.1,75.9,16.3,83.7,27.9,72.1,56.1,43.9,250-499,2025-03-07 10:18:55
LLOYD'S BANKING GROUP,79200,15.2,9.8,38.6,14.3,29.1,36.8,34.2,65.8,25.7,74.3,41.3,58.7,49.6,50.4,10000+,2025-04-28 12:50:28
DAVIDSON TRADING LTD,80100,27.9,20.1,59.2,24.8,45.3,53.6,30.4,69.6,21.8,78.2,34.2,65.8,53.1,46.9,50-249,2025-02-14 08:33:19
HARPER & WILSON LLP,81200,31.6,25.2,69.8,32.1,58.9,66.4,27.2,72.8,18.9,81.1,29.8,70.2,56.5,43.5,250-499,2025-05-03 17:42:37
MERSEY CONSTRUCTION,82100,21.4,16.7,48.9,20.3,38.1,46.2,32.6,67.4,23.1,76.9,37.5,62.5,51.8,48.2,1000-9999,2025-01-25 14:22:06
TRENT INVESTMENTS Ltd,83400,26.3,19.8,55.7,23.3,42.2,50.8,29.6,70.4,20.3,79.7,33.9,66.1,54.5,45.5,100-499,2025-03-12 11:07:41
RIVERSIDE SERVICES,84300,24.7,18.2,50.3,22.8,37.9,45.1,30.8,69.2,22.4,77.6,35.1,64.9,51.3,48.7,50-249,2025-06-20 09:45:39
GREENFIELD ENGINEERING,85200,33.1,27.4,71.5,34.2,61.8,69.2,26.3,73.7,17.4,82.6,29.2,70.8,55.8,44.2,500-999,2025-02-08 13:11:23
WATERSHED TECHNOLOGIES,86100,29.5,22.8,63.7,26.9,51.4,59.3,27.6,72.4,18.8,81.2,30.9,69.1,54.1,45.9,1000-9999,2025-05-19 15:25:51
EASTEND FINANCIAL,87200,18.3,13.6,41.8,18.7,36.2,43.9,33.5,66.5,23.8,76.2,37.1,62.9,50.2,49.8,100-499,2025-01-20 10:37:13
WINTON INSURANCE,88100,34.8,28.9,76.4,31.1,62.3,68.5,24.8,75.2,16.2,83.8,28.5,71.5,55.4,44.6,1000-9999,2025-04-14 16:55:48
PENNSYLVANIA LOGISTICS,89300,22.6,17.1,44.9,19.2,33.8,41.5,31.7,68.3,22.9,77.1,35.7,64.3,51.1,48.9,1000-9999,2025-03-18 08:19:15
CLIFTON CAPITAL PARTNERS,90200,25.9,19.3,57.3,23.7,43.6,50.4,28.9,71.1,20.2,79.8,32.8,67.2,53.2,46.8,250-499,2025-02-26 12:48:31
BRAEBURN PROPERTY GROUP,91100,20.4,15.7,47.1,17.3,35.9,43.1,32.1,67.9,22.3,77.7,36.2,63.8,50.8,49.2,500-999,2025-05-22 14:33:27
OAKLAND CONSULTING GROUP,92400,32.8,26.1,66.5,30.4,55.3,62.1,25.7,74.3,17.3,82.7,29.6,70.4,54.9,45.1,100-499,2025-03-04 10:26:44
BROADWAY MARKETING,93200,28.1,21.9,58.4,25.6,46.3,53.7,29.2,70.8,20.8,79.2,34.5,65.5,52.6,47.4,250-499,2025-04-09 15:02:57
MOUNTAIN VIEW RETAIL,94300,19.7,14.1,39.8,16.4,30.9,37.2,35.4,64.6,24.9,75.1,39.2,60.8,46.3,53.7,50-249,2025-06-08 08:47:11
COVENTRY BUILDERS,95100,26.4,20.8,52.6,21.3,40.7,48.1,32.8,67.2,23.3,76.7,36.7,63.3,51.4,48.6,100-499,2025-02-16 11:39:04
BRIDGEPORT INVESTMENTS,96200,24.3,18.7,53.8,22.1,42.1,49.8,30.6,69.4,21.2,78.8,34.8,65.2,53.0,47.0,1000-9999,2025-05-28 10:58:23
FALCON INDUSTRIES,97100,27.6,22.1,64.7,25.9,52.2,59.5,26.9,73.1,18.1,81.9,30.2,69.8,54.7,45.3,500-999,2025-03-24 13:41:36
THOMAS & SONS,98100,16.9,12.3,42.3,15.8,32.4,40.1,34.1,65.9,23.5,76.5,37.3,62.7,50.5,49.5,250-499,2025-06-12 12:16:59
RIVERSIDE MANUFACTURING,99200,21.1,16.5,45.2,19.7,35.6,43.4,31.9,68.1,22.7,77.3,35.6,64.4,51.6,48.4,1000-9999,2025-04-01 09:29:22
MAGNA FINANCE GROUP,00100,30.7,24.3,68.9,31.7,58.2,65.1,25.1,74.9,16.6,83.4,28.9,71.1,55.2,44.8,500-999,2025-03-10 14:50:47
GREAT NORTH SERVICES,01200,29.2,22.8,62.3,26.4,51.8,58.2,27.5,72.5,18.5,81.5,30.5,69.5,54.3,45.7,100-499,2025-05-07 16:43:14
PARKSIDE INSURANCE,02300,18.9,13.4,41.5,16.8,33.1,39.8,33.9,66.1,23.4,76.6,37.1,62.9,50.4,49.6,250-499,2025-02-21 08:23:37
VICTORIA COMMUNICATIONS,03200,34.6,27.8,72.1,33.4,62.9,68.7,24.6,75.4,15.9,84.1,29.5,70.5,55.1,44.9,1000-9999,2025-06-01 12:34:53
WELLSIDE CONSTRUCTION,04100,22.8,17.3,48.5,19.6,36.1,44.2,31.6,68.4,22.1,77.9,35.3,64.7,51.9,48.1,1000-9999,2025-01-29 13:56:18
HEARTLAND REAL ESTATE,05200,25.3,19.9,51.7,22.4,40.6,47.3,29.4,70.6,20.7,79.3,33.8,66.2,52.4,47.6,250-499,2025-04-11 11:07:29
SUMMIT FINANCIAL GROUP,06100,23.5,18.1,52.8,21.7,41.2,48.6,30.9,69.1,21.5,78.5,34.1,65.9,53.4,46.6,500-999,2025-03-28 14:22:49
BEECHWOOD PROPERTIES,07100,26.7,21.2,56.9,24.3,44.5,51.9,28.7,71.3,19.8,80.2,31.3,68.7,53.8,46.2,1000-9999,2025-02-13 09:47:12
STOCKMARKET BROKERS,08200,33.4,27.2,67.3,32.8,57.8,64.2,25.9,74.1,17.2,82.8,29.8,70.2,54.6,45.4,100-499,2025-05-24 15:35:28
SOUTH SHORE TECHNOLOGY,09100,27.1,20.9,58.2,25.1,46.1,53.0,29.6,70.4,20.4,79.6,32.9,67.1,53.3,46.7,500-999,2025-01-22 10:58:33
MIDDLESEX DEVELOPERS,10100,24.8,18.5,51.2,21.8,40.3,47.1,30.7,69.3,21.3,78.7,34.9,65.1,52.1,47.9,100-499,2025-06-10 08:19:35
ROCKWALL BANKING,11200,17.4,12.2,38.9,15.9,31.2,37.8,34.6,65.4,23.9,76.1,37.5,62.5,50.7,49.3,1000-9999,2025-02-25 11:26:46
OCEANVIEW HOLDINGS,12100,31.2,25.5,65.4,33.2,59.1,66.5,26.1,73.9,18.3,81.7,29.4,70.6,55.7,44.3,500-999,2025-05-17 13:17:31
BARRINGTON LOGISTICS,13200,20.1,15.8,45.8,19.2,36.3,42.7,32.4,67.6,22.6,77.4,35.9,64.1,51.5,48.5,1000-9999,2025-04-04 10:48:52
WESTLAKE RETAIL,14100,28.3,21.8,61.3,24.7,47.9,55.2,28.5,71.5,19.4,80.6,33.2,66.8,53.8,46.2,250-499,2025-03-26 14:32:09
TREVOR & ASSOCIATES,15200,26.8,20.4,54.9,22.9,42.3,49.3,29.7,70.3,20.6,79.4,33.1,66.9,54.1,45.9,50-249,2025-05-30 12:11:34
SUNRISE MANAGEMENT GROUP,16100,22.4,18.6,49.3,21.5,37.4,45.7,31.0,69.0,21.9,78.1,34.6,65.4,52.7,47.3,1000-9999,2025-02-09 09:56:45
WESTEND CONSULTANTS,17200,23.9,18.2,50.8,22.1,38.9,46.3,30.4,69.6,21.8,78.2,34.2,65.8,52.8,47.2,100-499,2025-06-24 16:05:12
CLOUD SOLUTIONS PLC,18100,32.6,26.8,69.7,34.5,61.4,68.2,25.4,74.6,17.6,82.4,29.3,70.7,55.5,44.5,500-999,2025-03-15 10:34:29
WILLOWBRANCH TRADING,19200,25.7,19.1,52.9,22.7,41.6,49.8,30.9,69.1,21.1,78.9,34.0,66.0,53.1,46.9,250-499,2025-02-19 13:16:38
COTTAGE GROVE PROPERTY,20100,19.3,14.8,43.4,16.2,32.5,40.7,33.2,66.8,23.6,76.4,36.9,63.1,50.6,49.4,100-499,2025-05-23 11:28:21
SILVER SPRING TECHNOLOGIES,21200,27.5,21.4,59.6,25.2,48.1,55.6,28.6,71.4,19.7,80.3,32.3,67.7,54.4,45.6,500-999,2025-04-06 09:42:13
SHIREWOOD FINANCE,22100,29.8,23.4,65.9,27.9,53.7,60.8,27.0,73.0,18.7,81.3,31.2,68.8,55.3,44.7,250-499,2025-03-20 15:52:46
FARROW & COMPANY,23200,24.2,18.9,51.4,22.6,40.1,47.7,31.1,68.9,21.4,78.6,34.8,65.2,52.5,47.5,250-499,2025-05-06 14:15:33
THORNFIELD SERVICES,24100,30.9,24.7,68.1,31.0,59.4,66.2,25.8,74.2,17.1,82.9,29.5,70.5,55.0,45.0,1000-9999,2025-01-15 12:08:22
MOONLIGHT CONSULTING,25200,22.7,17.8,48.8,21.6,35.8,43.9,32.0,68.0,22.3,77.7,35.5,64.5,51.8,48.2,100-499,2025-06-18 08:39:45
GLENWOOD REAL ESTATE,26100,27.3,22.0,57.6,23.4,45.2,52.1,29.1,70.9,20.5,79.5,32.7,67.3,53.9,46.1,1000-9999,2025-02-03 13:22:14
PEAK VIEW INVESTMENTS,27200,18.6,14.5,40.3,18.2,32.1,38.4,33.7,66.3,23.8,76.2,37.2,62.8,50.1,49.9,500-999,2025-04-22 10:41:36
CROSSROADS BANKING,28100,23.4,18.0,49.9,21.8,38.1,45.4,30.8,69.2,21.7,78.3,34.4,65.6,52.9,47.1,1000-9999,2025-03-09 16:33:27
RIVERFRONT TRADING,29200,24.5,19.2,54.1,22.3,41.9,49.0,30.6,69.4,21.6,78.4,33.8,66.2,53.2,46.8,250-499,2025-05-19 11:10:51
STANDARD INDUSTRIES,30100,28.1,21.8,61.0,25.9,50.1,57.5,27.9,72.1,19.6,80.4,31.1,68.9,54.8,45.2,1000-9999,2025-02-11 09:24:48
BRIDGEWATER CONSULTING,31200,29.7,23.1,66.2,30.1,58.5,64.8,26.4,73.6,17.8,82.2,30.1,69.9,55.8,44.2,500-999,2025-04-30 14:03:19
FISHERMAN'S BAY GROUP,32100,25.2,19.4,53.3,21.9,41.3,48.9,30.5,69.5,21.2,78.8,33.9,66.1,53.1,46.9,100-499,2025-03-17 10:18:43
BROOKLYN MANUFACTURING,33200,19.9,15.2,42.6,17.4,33.2,39.7,32.9,67.1,23.2,76.8,36.6,63.4,50.3,49.7,1000-9999,2025-06-22 09:45:33
HILLTOP SERVICES,34100,21.8,16.3,44.8,20.1,35.3,42.1,31.5,68.5,21.9,78.1,34.7,65.3,51.7,48.3,250-499,2025-01-31 12:15:12
VALLEY FAIR CONSTRUCTION,35200,26.5,20.1,58.7,22.2,46.7,52.8,29.3,70.7,20.7,79.3,33.0,67.0,53.5,46.5,1000-9999,2025-05-02 15:17:26
HOLYROOD DEVELOPERS,36100,32.1,25.3,68.5,32.4,60.4,66.9,25.5,74.5,16.9,83.1,29.1,70.9,55.9,44.1,100-499,2025-02-28 08:32:29