MISHCON DE REYA GROUP (OPERATIONS) LIMITED,64209,30.4,23.6,73.9,30.0,55.4,64.0,25.4,74.6,15.1,84.9,27.0,73.0,55.6,44.4,500-999,2025-04-03 15:10:41
BOSTON CONSULTING GROUP LIMITED,73110,28.1,21.8,68.2,28.5,52.1,64.3,22.8,76.2,13.9,82.1,28.4,71.6,53.5,46.5,1000-4999,2025-03-29 09:45:12
THOMSON REUTERS PLC,62020,25.7,19.2,62.8,24.1,48.9,63.3,21.1,75.4,12.8,81.7,29.3,69.8,54.2,45.8,5000-19999,2025-05-12 14:22:33
LONDON STOCK EXCHANGE GROUP PLC,64910,32.9,26.7,76.3,32.1,58.2,67.8,26.8,73.1,16.2,83.4,30.1,69.9,57.3,42.7,1000-4999,2025-02-18 11:55:44
UBS LIMITED,64110,29.5,24.3,70.1,27.6,54.2,63.8,23.1,75.9,14.6,82.5,28.7,71.3,53.8,46.2,1000-4999,2025-06-01 10:30:55
KPMG LLP,74200,26.8,20.9,65.4,25.8,51.3,62.9,21.7,76.1,13.4,82.8,27.6,72.4,52.9,47.1,2500-4999,2025-01-15 13:44:22
BARCLAYS BANK PLC,64190,31.2,25.1,72.6,30.2,56.8,64.6,24.3,74.2,14.8,83.7,29.5,70.5,55.9,44.1,20000+,2025-03-07 16:18:31
DELOITTE LLP,74200,27.4,22.1,67.9,26.1,52.7,63.5,22.3,75.8,13.6,82.3,28.1,71.9,53.6,46.4,2500-4999,2025-04-22 08:21:44
HSBC HOLDINGS PLC,64190,33.8,27.3,75.2,31.4,57.9,66.4,25.6,73.8,15.9,82.9,30.4,69.6,56.7,43.3,20000+,2025-05-19 12:33:55
ERNST & YOUNG LLP,74200,25.9,19.7,64.1,24.6,50.8,62.1,21.3,75.2,12.7,81.6,27.8,72.2,53.9,46.1,2500-4999,2025-02-28 09:51:23
ROYAL BANK OF SCOTLAND PLC,64190,34.1,28.4,77.8,32.9,58.5,68.2,26.2,74.4,16.1,84.1,31.0,70.0,56.8,43.2,20000+,2025-06-08 14:45:11
JPMORGAN CHASE BANK N.A.,64110,30.6,23.9,74.1,29.8,55.1,65.3,24.7,75.1,14.2,83.3,28.9,71.1,55.3,44.7,1000-4999,2025-01-23 10:12:34
CITIBANK PLC,64110,28.9,22.4,71.3,27.2,53.7,64.2,23.4,74.8,13.8,83.2,29.1,70.9,54.7,45.3,1000-4999,2025-03-14 11:07:45
WELLS FARGO BANK PLC,64110,29.7,23.2,73.6,28.8,54.6,65.4,24.1,75.2,14.1,83.8,29.4,70.6,55.1,44.9,1000-4999,2025-04-28 15:37:56
BANK OF AMERICA MERRILL LYNCH PLC,64110,32.3,26.1,75.8,31.0,57.1,66.9,25.8,73.3,15.4,81.9,30.4,69.6,56.3,43.7,1000-4999,2025-02-11 09:26:12
MAERSK PLC,74900,27.2,21.4,69.3,26.7,52.4,63.8,22.6,75.0,13.7,82.2,28.3,71.7,53.4,46.6,1000-4999,2025-05-05 16:01:33
PWC LIMITED,74200,24.8,18.5,61.9,23.6,49.6,62.5,20.9,74.7,12.3,81.5,26.9,73.1,53.2,46.8,2500-4999,2025-03-17 13:35:11
COCA-COLA HBC PLC,20700,19.3,16.2,52.7,17.8,50.2,58.1,27.6,71.4,10.3,80.1,22.4,77.6,63.1,36.9,1000-4999,2025-04-18 08:44:22
BLENHEIM GROUP LIMITED,72100,18.7,14.3,48.2,16.4,44.1,50.4,28.9,70.2,8.1,75.3,21.2,78.8,64.3,35.7,100-499,2025-02-13 11:59:33
AUCHENTOSHAN PLC,11200,17.5,13.8,45.9,15.3,41.8,49.7,29.2,68.9,7.9,73.1,20.1,79.9,65.9,34.1,50-99,2025-03-24 10:15:44
SOUTHERN ENERGY GROUP,24940,15.2,11.7,40.1,13.9,38.5,44.6,30.4,66.8,6.7,69.9,18.9,81.1,67.2,32.8,1000-4999,2025-06-02 14:28:55
TREND MICRO LIMITED,72200,20.4,17.1,54.2,18.9,45.8,52.1,26.1,72.8,9.3,79.4,23.5,76.5,64.7,35.3,100-499,2025-04-11 09:03:13
TOKYO ELECTRIC POWER COMPANY,64110,22.8,18.2,57.4,20.3,47.2,53.9,24.7,70.6,10.5,76.5,25.1,74.9,62.1,37.9,1000-4999,2025-03-30 12:47:21
FORD MOTOR COMPANY PLC,28200,21.3,16.9,55.6,19.5,46.3,51.2,26.7,71.2,9.8,78.1,23.1,76.9,63.9,36.1,1000-4999,2025-02-21 08:33:41
GENERAL MOTORS PLC,28200,19.8,16.1,52.9,18.4,44.7,49.8,25.8,69.7,9.1,76.8,24.2,75.8,63.2,36.8,1000-4999,2025-05-16 13:29:55
TOYOTA MOTOR CORPORATION,28200,18.5,14.3,49.3,16.5,42.1,48.2,27.3,70.5,8.5,75.4,22.8,77.2,64.5,35.5,1000-4999,2025-01-10 15:42:11
NISSAN MOTOR COMPANY PLC,28200,20.1,16.7,53.2,18.9,45.4,50.8,26.5,71.8,9.4,77.9,23.7,76.3,64.0,36.0,1000-4999,2025-04-08 09:57:33
HONDA MOTOR COMPANY PLC,28200,22.4,17.9,56.7,20.1,46.9,52.8,25.1,70.8,10.1,77.2,24.2,75.8,63.5,36.5,1000-4999,2025-03-19 14:16:44
MERCEDES-BENZ PLC,28200,23.6,19.1,58.2,21.3,48.3,54.6,24.9,69.4,10.8,75.7,24.8,75.2,62.8,37.2,1000-4999,2025-02-25 11:30:12
BMW GROUP PLC,28200,24.2,19.8,59.4,22.1,49.1,56.1,25.4,68.9,11.3,74.3,25.0,75.0,62.4,37.6,1000-4999,2025-06-03 10:22:22
AUDI PLC,28200,23.1,18.7,57.9,21.5,47.6,53.2,24.6,69.8,10.6,75.2,24.4,75.6,62.9,37.1,1000-4999,2025-04-15 16:51:31
VOLKSWAGEN GROUP PLC,28200,22.7,17.4,55.3,19.7,46.6,51.8,25.3,68.7,10.4,73.8,23.9,76.1,63.6,36.4,1000-4999,2025-03-09 08:09:43
FERRARI PLC,28200,16.5,12.9,42.3,15.1,39.2,45.3,28.1,66.4,7.2,69.1,20.3,79.7,66.5,33.5,50-99,2025-05-10 12:08:57
LAMBORGHINI PLC,28200,15.9,12.3,41.8,14.6,38.6,44.1,27.4,65.7,6.9,68.1,19.6,80.4,67.8,32.2,50-99,2025-01-28 14:34:26
Mclaren Automotive PLC,28200,14.8,11.2,39.5,13.4,36.7,42.0,26.9,64.8,6.3,67.2,18.4,81.6,68.9,31.1,50-99,2025-06-11 13:17:46
SAAB CAR PLANT,28200,21.4,17.6,54.1,19.8,45.3,50.2,25.8,69.9,9.9,75.4,23.4,76.6,62.8,37.2,100-499,2025-03-16 10:48:32
BENZ ENGINEERING PLC,28200,20.6,16.8,51.9,18.6,43.8,48.3,27.1,70.3,8.8,74.1,21.5,78.5,64.1,35.9,100-499,2025-02-14 15:22:54
RENAULT PLC,28200,23.8,18.9,57.1,21.4,47.5,52.4,24.8,69.2,10.7,75.8,24.1,75.9,63.1,36.9,1000-4999,2025-04-27 11:11:22
PEUGEOT SA,28200,22.1,17.8,54.7,19.9,46.1,50.9,25.6,69.0,9.7,74.6,23.8,76.2,63.1,36.9,1000-4999,2025-05-02 08:43:45
CITROEN PLC,28200,21.8,17.3,53.6,19.2,45.6,50.3,26.0,69.7,9.2,75.4,23.7,76.3,63.8,36.2,1000-4999,2025-03-26 13:13:51
FIAT CHRYSLER PLC,28200,24.5,19.6,58.9,21.7,48.2,53.4,24.5,68.8,11.2,75.2,24.3,75.7,62.3,37.7,1000-4999,2025-04-13 14:20:33
VOLVO CAR PLC,28200,23.3,18.1,56.4,20.5,46.8,51.7,25.7,69.4,10.4,74.9,23.8,76.2,62.5,37.5,1000-4999,2025-02-23 10:55:44
SCION AUTOMOTIVE PLC,28200,20.3,16.4,52.2,18.3,44.1,49.5,26.8,70.6,9.5,76.0,23.2,76.8,62.9,37.1,100-499,2025-05-09 16:19:18
HYUNDAI MOTOR COMPANY PLC,28200,22.6,18.4,55.1,20.2,45.9,50.7,25.4,69.1,10.3,74.7,24.0,76.0,63.2,36.8,1000-4999,2025-03-30 09:45:31
KIA MOTORS PLC,28200,21.2,17.0,53.3,19.1,45.2,49.8,26.1,69.5,9.0,75.1,23.4,76.6,63.7,36.3,1000-4999,2025-02-09 11:52:44
SUBARU OF AMERICA PLC,28200,23.9,19.3,56.9,21.6,47.8,53.1,25.2,68.6,11.1,75.1,24.2,75.8,62.6,37.4,1000-4999,2025-04-17 13:36:23
MAZDA PLC,28200,22.3,17.7,54.6,20.1,46.2,50.7,25.8,69.4,10.2,75.0,23.8,76.2,63.4,36.6,1000-4999,2025-05-21 10:24:51
TOYOTA MOTOR EUROPE PLC,28200,21.7,17.2,53.1,18.8,45.5,49.9,26.3,70.1,9.6,75.7,23.6,76.4,63.3,36.7,1000-4999,2025-03-02 08:15:33
SUZUKI MOTOR COMPANY PLC,28200,19.9,15.8,50.4,17.3,42.8,47.6,27.8,71.9,8.3,77.4,21.8,78.2,65.1,34.9,1000-4999,2025-06-04 14:09:42
HONDA MOTOR EUROPE PLC,28200,22.8,18.3,55.9,20.6,47.1,52.3,25.1,69.4,10.9,75.2,23.5,76.5,63.1,36.9,1000-4999,2025-04-06 12:18:57
DAIHATSU MOTOR COMPANY PLC,28200,18.6,15.1,47.2,16.8,40.8,46.9,29.1,68.2,7.6,74.9,20.8,79.2,66.8,33.2,1000-4999,2025-03-22 15:33:21
MASERATI PLC,28200,17.2,13.6,43.7,15.1,38.9,45.1,28.7,67.8,7.1,69.2,19.4,80.6,67.1,32.9,50-99,2025-05-23 09:47:49
JAGUAR LAND ROVER PLC,28200,24.1,19.5,58.0,21.1,48.0,52.9,25.3,69.0,11.0,75.5,23.9,76.1,62.6,37.4,1000-4999,2025-03-11 10:01:21
FORD MOTOR EUROPE PLC,28200,23.4,18.8,56.3,20.9,47.0,51.4,25.9,69.6,10.6,75.1,23.7,76.3,62.7,37.3,1000-4999,2025-06-12 13:44:33
ASTON MARTIN PLC,28200,16.8,13.2,42.9,15.4,38.2,44.6,28.5,67.1,7.3,68.7,19.1,80.9,67.3,32.7,50-99,2025-04-01 11:57:44
LOTUS PLC,28200,16.1,12.4,41.2,14.5,37.1,43.1,28.6,66.5,7.0,67.9,18.9,81.1,67.4,32.6,50-99,2025-03-25 16:22:53
PORSCHE PLC,28200,13.9,10.8,38.1,12.5,34.2,39.1,30.3,64.5,5.8,65.8,15.4,84.6,69.2,30.8,50-99,2025-05-20 12:13:22
MERCEDES-BENZ GERMANY,28200,18.3,15.2,46.1,17.8,41.7,46.2,29.0,65.8,7.4,67.2,18.3,81.7,66.1,33.9,100-499,2025-03-18 09:31:44
BMW GERMANY PLC,28200,19.6,16.3,48.4,18.1,42.3,47.1,28.8,65.5,7.8,68.0,19.2,80.8,65.7,34.3,100-499,2025-04-24 14:10:33
VOLKSWAGEN GERMANY,28200,17.8,14.1,44.9,16.6,39.4,45.2,30.1,64.8,6.7,66.4,17.1,82.9,67.9,32.1,100-499,2025-06-07 08:39:12
TESLA INC.,72100,25.3,19.9,62.5,23.4,50.1,58.5,25.5,74.3,13.5,80.6,28.6,71.4,54.8,45.2,1000-4999,2025-02-19 10:53:21
GOOGLE LIMITTED,72100,26.1,21.2,64.3,23.1,51.6,59.8,25.9,73.7,14.1,79.6,29.0,71.0,52.6,47.4,1000-4999,2025-05-07 15:44:33
NVIDIA PLC,72100,28.7,23.1,70.9,25.6,54.8,63.2,26.1,74.8,14.8,81.2,30.2,69.8,55.6,44.4,1000-4999,2025-03-13 10:17:44