EmployerName,SicCodes,DiffMeanHourlyPercent,DiffMedianHourlyPercent,DiffMeanBonusPercent,DiffMedianBonusPercent,MaleBonusPercent,FemaleBonusPercent,MaleLowerQuartile,FemaleLowerQuartile,MaleLowerMiddleQuartile,FemaleLowerMiddleQuartile,MaleUpperMiddleQuartile,FemaleUpperMiddleQuartile,MaleTopQuartile,FemaleTopQuartile,EmployerSize,DateSubmitted
BrightWave Energy Ltd,35.1,14.7,12.3,22.5,18.9,45.2,41.8,54,46,52,48,49,51,56,44,500 to 999,2024-11-12
Maple & Co Solicitors,69.1,18.2,15.9,28.3,24.7,38.1,34.5,48,52,46,54,43,57,51,49,250 to 499,2024-10-03
ThamesLink Logistics,49.4,11.5,9.8,19.2,16.4,52.7,48.3,58,42,55,45,53,47,59,41,1000 to 4999,2025-01-08
Nimbus AI Solutions,62.01,21.3,19.1,31.6,27.2,41.9,37.1,44,56,42,58,39,61,46,54,250 to 499,2024-12-15
Heritage Brickworks PLC,23.3,7.2,5.9,13.8,11.5,61.4,56.7,65,35,63,37,60,40,66,34,5000 to 19,999,2025-02-20
StellarCare Homes Group,87.1,9.8,8.1,17.3,14.9,31.2,28.6,72,28,70,30,68,32,71,29,1000 to 4999,2024-09-30
MerseyFusion Media,58.2,16.4,14.2,25.7,22.1,47.5,43.3,51,49,49,51,46,54,50,50,250 to 499,2024-11-25
Peak District Brew Co,11.05,5.1,4.3,10.9,9.2,68.1,63.4,69,31,67,33,64,36,70,30,500 to 999,2025-03-11
NovaFin Capital LLP,64.11,26.8,23.5,38.4,33.9,35.7,31.2,39,61,36,64,33,67,37,63,50 to 249,2024-08-19
Cotswold Retail Group,47.11,13.7,11.6,21.4,18.7,49.8,45.9,56,44,53,47,50,50,55,45,5000 to 19,999,2025-01-22
Tweed Valley University,85.2,15.1,12.8,24.6,21.3,29.4,26.1,46,54,43,57,40,60,42,58,5000 to 19,999,2024-10-14
UrbanLoop Transport,49.1,10.4,8.9,18.7,15.8,53.2,49.6,59,41,57,43,54,46,60,40,1000 to 4999,2025-02-05
SilkRoad Textiles,17.2,6.8,5.5,12.3,10.1,64.7,59.8,67,33,65,35,62,38,68,32,500 to 999,2024-11-30
Northgate NHS Trust,94.1,8.3,6.7,15.9,13.4,25.3,22.7,74,26,72,28,70,30,73,27,20,000 or more,2024-09-07
Brighton Bay Hotels,55.9,12.6,10.8,20.5,17.9,44.6,40.8,53,47,51,49,48,52,54,46,1000 to 4999,2025-03-02
IronBridge Construction,45.11,9.7,8.2,16.3,14.1,57.9,53.4,62,38,60,40,57,43,63,37,250 to 499,2024-12-09
Cumbria Constabulary,84.2,11.4,9.6,19.8,17.2,32.5,29.3,68,32,66,34,63,37,69,31,5000 to 19,999,2024-10-28
Lakeside Leisure Group,52.11,14.9,12.7,23.1,20.4,46.1,42.3,50,50,48,52,45,55,49,51,500 to 999,2025-01-15
QuantumEdge Tech,63.12,20.5,18.3,30.7,26.8,39.4,35.2,42,58,40,60,37,63,41,59,50 to 249,2024-11-03
Rosewood Publishers,18.11,6.1,4.9,11.7,9.8,66.2,61.5,70,30,68,32,65,35,71,29,250 to 499,2025-02-17
Cardiff Council,90.1,10.2,8.5,18.6,16.1,27.8,24.9,71,29,69,31,66,34,70,30,20,000 or more,2024-08-26
RiverRise Insurance,66.11,17.8,15.4,27.3,23.9,37.6,33.8,45,55,43,57,40,60,44,56,1000 to 4999,2024-12-22
GreenField Farms,15.11,4.7,3.8,9.6,7.9,70.5,65.9,73,27,71,29,68,32,74,26,250 to 499,2025-03-08
Stratford Theatres,56.11,13.3,11.2,22.8,19.7,43.2,39.6,52,48,50,50,47,53,53,47,500 to 999,2024-10-31
MetroLink Rail Ltd,88.21,9.1,7.6,16.4,14.3,28.7,25.4,69,31,67,33,64,36,68,32,5000 to 19,999,2025-01-29
PinnacleSports UK,51.11,15.7,13.5,24.9,21.6,48.3,44.1,49,51,47,53,44,56,48,52,1000 to 4999,2024-11-18
BlueCrest Banking,71.11,24.2,21.8,35.5,31.4,33.1,29.7,38,62,35,65,32,68,36,64,5000 to 19,999,2024-09-12
HighPeak Manufacturing,28.11,8.5,7.1,14.9,12.6,59.8,55.2,64,36,62,38,59,41,65,35,1000 to 4999,2025-02-12
Lincolnshire Fire,83.1,10.6,8.9,19.1,16.5,30.9,27.8,67,33,65,35,62,38,68,32,1000 to 4999,2024-10-08
WrenDesign Studio,19.11,5.4,4.5,10.2,8.6,65.3,60.7,71,29,69,31,66,34,72,28,50 to 249,2024-12-04
Solent Shipping Co,46.11,12.8,10.9,20.6,18.1,50.4,46.7,55,45,53,47,50,50,56,44,500 to 999,2025-01-19
Kentwood Academies Trust,91.11,9.5,7.8,17.2,14.8,26.4,23.5,70,30,68,32,65,35,69,31,5000 to 19,999,2024-09-21
CrystalVale Health,78.11,11.9,10.1,20.8,18.3,31.7,28.4,66,34,64,36,61,39,67,33,1000 to 4999,2025-03-05
RedKite Supermarkets,47.11,14.1,12.0,23.4,20.1,47.9,43.6,54,46,52,48,49,51,55,45,20,000 or more,2024-11-07
Plymouth Ports Auth,54.11,10.7,9.2,18.8,16.2,51.6,47.8,58,42,56,44,53,47,59,41,1000 to 4999,2025-02-26
ApexEngineering,44.11,9.3,7.8,17.5,15.0,56.2,51.9,61,39,59,41,56,44,62,38,250 to 499,2024-10-21
Borders Books UK,22.11,6.5,5.3,12.0,10.2,64.8,60.1,69,31,67,33,64,36,70,30,500 to 999,2024-12-28
Wiltshire Council,89.11,10.0,8.3,17.9,15.5,27.2,24.3,70,30,68,32,65,35,69,31,20,000 or more,2025-01-12
NovaFlow Utilities,68.11,18.5,16.2,28.9,25.6,36.4,32.7,44,56,42,58,39,61,43,57,5000 to 19,999,2024-08-14
HarbourView Hotels,57.11,13.6,11.5,22.3,19.4,42.7,38.9,51,49,49,51,46,54,52,48,500 to 999,2025-03-14
Midlands Pharma,59.11,16.7,14.5,26.1,22.8,45.3,41.2,48,52,46,54,43,57,47,53,1000 to 4999,2024-11-26
GraniteRock Mining,24.11,7.9,6.4,13.7,11.8,60.5,55.9,66,34,64,36,61,39,67,33,250 to 499,2025-02-21
EastAnglia Transport,87.11,9.2,7.7,16.8,14.6,29.1,26.0,68,32,66,34,63,37,69,31,5000 to 19,999,2024-10-15
WillowBrook Care,81.11,8.7,7.1,15.3,13.0,30.6,27.5,72,28,70,30,67,33,71,29,1000 to 4999,2025-01-05
MerseyPrint Media,20.11,5.9,4.8,11.4,9.5,65.1,60.4,70,30,68,32,65,35,71,29,250 to 499,2024-12-17
TrentBridge Council,92.11,9.8,8.1,18.0,15.7,26.8,23.9,71,29,69,31,66,34,70,30,20,000 or more,2024-09-03
AuroraFund Finance,70.11,23.1,20.7,34.2,30.1,34.5,30.9,39,61,36,64,33,67,37,63,5000 to 19,999,2025-02-08
SummitPeak Retail,48.11,13.9,11.8,22.6,19.5,48.6,44.5,55,45,53,47,50,50,56,44,5000 to 19,999,2024-11-13
ClydeShip Repair,42.11,10.1,8.6,17.0,14.7,54.3,50.1,60,40,58,42,55,45,61,39,500 to 999,2025-03-20