2024,99999,IL,17031.0,1703100700.0,Conventional:First Lien,Single Family (1-4 Units):Site-Built,Not Hispanic or Latino,White,Male,Loan originated,1,300000.0,80.0,6.75,2.5,2,12000.0,1000.0,8000.0,1000.0,3000.0,30,0,0,0,0,1,1,1,1,1,0,450000.0,1,1,1,1,1,1,1,1,1,1,1,1,1,1,65-74,45-54,1,1,1,1,1,1,1,1,1,1,1,1,1,1,1,1,1,1,1,1,1,1,1,1,1,1,1,1,1,1,1,1,1,1,1,1,1,1
2024,99999,TX,48201.0,48201042700.0,FHA:First Lien,Single Family (1-4 Units):Site-Built,Hispanic or Latino,White,Female,Loan originated,1,275000.0,90.0,6.25,2.0,1,8000.0,500.0,5000.0,400.0,2600.0,360,0,0,0,1,1,1,3,5,1,0,600000.0,1,1,1,1,1,1,1,1,1,1,1,1,1,1,45-54,55-64,1,1,1,1,1,1,1,1,1,1,1,1,1,1,1,1,1,1,1,1,1,1,1,1,1,1,1,1,1,1,1,1,1,1,1,1,1,1
2024,99999,FL,12086.0,1208600400.0,Conventional:First Lien,Single Family (1-4 Units):Site-Built,Hispanic or Latino,Black,Male,Application denied,2,300000.0,85.0,,3.0,2,10000.0,800.0,5500.0,600.0,3100.0,30,0,0,0,0,1,1,1,1,1,1,450000.0,1,1,1,1,1,1,1,1,1,1,1,1,1,1,65-74,35-44,1,1,1,1,1,1,1,1,1,1,1,1,1,1,1,1,1,1,1,1,1,1,1,1,1,1,1,1,1,1,1,1,1,1,1,1,1,1
2024,99999,NY,36005.0,36005053701.0,Conventional:First Lien,Single Family (1-4 Units):Site-Built,Not Hispanic or Latino,White,Female,Loan originated,3,400000.0,88.0,7.0,2.5,1,15000.0,1200.0,10000.0,1200.0,3800.0,300,0,0,0,0,1,1,1,3,1,1,750000.0,1,1,1,1,1,1,1,1,1,1,1,1,1,1,55-64,65-74,1,1,1,1,1,1,1,1,1,1,1,1,1,1,1,1,1,1,1,1,1,1,1,1,1,1,1,1,1,1,1,1,1,1,1,1,1,1
2024,99999,OH,39035.0,39035000001.0,VA:First Lien,Single Family (1-4 Units):Site-Built,Not Hispanic or Latino,Black,Male,Loan originated,3,250000.0,95.0,5.25,2.0,1,7000.0,400.0,4000.0,300.0,2700.0,150,0,0,0,0,1,1,3,5,1,1,400000.0,1,1,1,1,1,1,1,1,1,1,1,1,1,1,65-74,45-54,1,1,1,1,1,1,1,1,1,1,1,1,1,1,1,1,1,1,1,1,1,1,1,1,1,1,1,1,1,1,1,1,1,1,1,1,1,1
2024,99999,GA,13067.0,1306701500.0,Conventional:Subordinate Lien,Single Family (1-4 Units):Site-Built,Not Hispanic or Latino,White,Male,Application withdrawn,1,200000.0,86.0,7.25,3.0,2,9000.0,600.0,5000.0,500.0,3400.0,360,1,0,0,0,1,1,1,1,1,1,450000.0,1,1,1,1,1,1,1,1,1,1,1,1,1,1,65-74,65-74,1,1,1,1,1,1,1,1,1,1,1,1,1,1,1,1,1,1,1,1,1,1,1,1,1,1,1,1,1,1,1,1,1,1,1,1,1,1
2024,99999,IL,17031.0,1703100700.0,FHA:First Lien,Single Family (1-4 Units):Site-Built,Not Hispanic or Latino,White,Female,Loan originated,3,350000.0,100.0,6.0,1.5,1,13000.0,900.0,9000.0,800.0,3200.0,180,0,0,1,0,1,1,3,5,1,1,395000.0,1,1,1,1,1,1,1,1,1,1,1,1,1,1,25-34,45-54,1,1,1,1,1,1,1,1,1,1,1,1,1,1,1,1,1,1,1,1,1,1,1,1,1,1,1,1,1,1,1,1,1,1,1,1,1,1
2024,99999,CA,06029.0,06029008249.0,VA:First Lien,Single Family (1-4 Units):Site-Built,Hispanic or Latino,Asian,Female,Loan originated,1,285000.0,80.0,,2.0,2,10000.0,700.0,7000.0,700.0,2300.0,300,0,0,0,0,1,1,3,5,1,0,350000.0,1,1,1,1,1,1,1,1,1,1,1,1,1,1,55-64,45-54,1,1,1,1,1,1,1,1,1,1,1,1,1,1,1,1,1,1,1,1,1,1,1,1,1,1,1,1,1,1,1,1,1,1,1,1,1,1
2024,99999,NC,37181.0,37181020005.0,MFD:First Lien,Mobile Home,Not Hispanic or Latino,Black,Male,Loan originated,1,250000.0,92.0,5.75,2.0,1,6000.0,400.0,3500.0,300.0,2100.0,300,0,0,0,0,1,1,1,1,1,1,300000.0,2,1,3,5,1,1,2,3,2,4,1,1,1,1,55-64,45-54,1,1,1,1,1,1,1,1,1,1,1,1,1,1,1,1,1,1,1,1,1,1,1,1,1,1,1,1,1,1,1,1,1,1,1,1,1,1
2024,99999,WI,55089.0,55089099905.0,Conventional:First Lien,Single Family (1-4 Units):Site-Built,Hispanic or Latino,White,Male,Loan originated,2,300000.0,100.0,7.5,3.0,2,12000.0,1000.0,8000.0,800.0,3200.0,300,0,0,0,0,1,1,3,5,1,0,400000.0,1,1,3,5,1,1,3,5,1,1,1,1,1,1,65-74,55-64,1,1,1,1,1,1,1,1,1,1,1,1,1,1,1,1,1,1,1,1,1,1,1,1,1,1,1,1,1,1,1,1,1,1,1,1,1,1
2024,99999,VA,51087.0,51087010005.0,FHA:First Lien,Single Family (1-4 Units):Site-Built,Hispanic or Latino,Black,Male,Application denied,3,225000.0,80.0,6.5,2.0,1,8000.0,500.0,6000.0,500.0,2500.0,300,1,0,0,0,1,1,1,1,1,1,300000.0,1,1,1,1,1,1,1,1,1,1,1,1,1,1,55-64,65-74,1,1,1,1,1,1,1,1,1,1,1,1,1,1,1,1,1,1,1,1,1,1,1,1,1,1,1,1,1,1,1,1,1,1,1,1,1,1
2024,99999,MN,27077.0,27077020300.0,USDA:First Lien,Single Family (1-4 Units):Site-Built,Asian,White,Female,Loan originated,1,275000.0,85.0,,3.5,1,10000.0,600.0,5000.0,500.0,3000.0,360,1,0,0,0,1,1,1,1,1,1,390000.0,1,1,1,1,1,1,1,1,1,1,1,1,1,1,65-74,25-34,1,1,1,1,1,1,1,1,1,1,1,1,1,1,1,1,1,1,1,1,1,1,1,1,1,1,1,1,1,1,1,1,1,1,1,1,1,1
2024,99999,NE,31055.0,31055000800.0,MFD:First Lien,Mobile Home,Not Hispanic or Latino,Black,Male,Loan originated,2,200000.0,90.0,,2.5,1,7000.0,400.0,4500.0,300.0,2200.0,240,0,0,1,0,1,1,3,5,1,1,250000.0,2,1,3,5,1,1,1,1,1,1,1,1,1,1,45-54,55-64,1,1,1,1,1,1,1,1,1,1,1,1,1,1,1,1,1,1,1,1,1,1,1,1,1,1,1,1,1,1,1,1,1,1,1,1,1,1
2024,99999,OH,39073.0,39073000005.0,Conventional:First Lien,Single Family (1-4 Units):Site-Built,Hispanic or Latino,White,Female,Loan originated,2,350000.0,88.0,,3.0,1,11000.0,800.0,7500.0,600.0,2900.0,360,0,0,0,0,1,1,1,1,1,1,430000.0,1,1,1,1,1,1,1,1,1,1,1,1,1,1,65-74,65-74,1,1,1,1,1,1,1,1,1,1,1,1,1,1,1,1,1,1,1,1,1,1,1,1,1,1,1,1,1,1,1,1,1,1,1,1,1,1
2024,99999,TX,48201.0,48201042700.0,Conventional:Subordinate Lien,Single Family (1-4 Units):Site-Built,Hispanic or Latino,White,Female,Loan originated,1,300000.0,85.0,7.25,2.5,1,9500.0,700.0,6500.0,500.0,3000.0,360,0,0,0,0,1,1,3,5,1,1,325000.0,1,1,1,1,1,1,1,1,1,1,1,1,1,1,55-64,35-44,1,1,1,1,1,1,1,1,1,1,1,1,1,1,1,1,1,1,1,1,1,1,1,1,1,1,1,1,1,1,1,1,1,1,1,1,1,1
2024,99999,KS,20047.0,20047050000.0,FHA:First Lien,Single Family (1-4 Units):Site-Built,Hispanic or Latino,Hispanic,Female,Application denied,1,250000.0,95.0,,2.0,2,9000.0,600.0,5000.0,600.0,2400.0,300,0,0,0,0,1,1,3,5,1,1,200000.0,1,1,1,1,1,1,1,1,1,1,1,1,1,1,65-74,65-74,1,1,1,1,1,1,1,1,1,1,1,1,1,1,1,1,1,1,1,1,1,1,1,1,1,1,1,1,1,1,1,1,1,1,1,1,1,1
2024,99999,CO,08005.0,08005003390.0,Conventional:First Lien,Single Family (1-4 Units):Site-Built,Hispanic or Latino,White,Male,Loan originated,3,275000.0,88.0,6.75,2.5,2,11000.0,900.0,7000.0,700.0,3300.0,360,0,0,0,0,1,1,3,5,1,0,375000.0,1,1,3,5,1,1,1,1,1,1,1,1,1,1,45-54,25-34,1,1,1,1,1,1,1,1,1,1,1,1,1,1,1,1,1,1,1,1,1,1,1,1,1,1,1,1,1,1,1,1,1,1,1,1,1,1
2024,99999,CA,06029.0,06029008249.0,MFD:First Lien,Mobile Home,Not Hispanic or Latino,White,Female,Loan originated,1,220000.0,90.0,5.5,2.5,2,7000.0,400.0,5000.0,300.0,2700.0,180,0,0,0,0,1,1,3,5,1,1,220000.0,3,1,3,5,1,1,1,1,1,1,1,1,1,1,65-74,55-64,1,1,1,1,1,1,1,1,1,1,1,1,1,1,1,1,1,1,1,1,1,1,1,1,1,1,1,1,1,1,1,1,1,1,1,1,1,1
2024,99999,MI,26091.0,26091000969.0,VA:First Lien,Single Family (1-4 Units):Site-Built,Not Hispanic or Latino,White,Male,Loan originated,2,300000.0,80.0,,2.5,1,11000.0,800.0,7700.0,800.0,2500.0,240,0,0,0,0,1,1,1,1,1,1,400000.0,1,1,1,1,1,1,1,1,1,1,1,1,1,1,65-74,65-74,1,1,1,1,1,1,1,1,1,1,1,1,1,1,1,1,1,1,1,1,1,1,1,1,1,1,1,1,1,1,1,1,1,1,1,1,1,1
2024,99999,FL,12086.0,1208600400.0,Conventional:First Lien,Single Family (1-4 Units):Site-Built,Not Hispanic or Latino,Hispanic,Female,Loan originated,3,300000.0,85.0,6.5,2.0,2,10000.0,700.0,6500.0,700.0,2800.0,300,0,0,0,0,1,1,1,3,1,1,420000.0,1,1,3,5,1,1,1,1,1,1,1,1,1,1,55-64,45-54,1,1,1,1,1,1,1,1,1,1,1,1,1,1,1,1,1,1,1,1,1,1,1,1,1,1,1,1,1,1,1,1,1,1,1,1,1,1
2024,99999,MO,29025.0,29025053000.0,FHA:First Lien,Single Family (1-4 Units):Site-Built,Ethnicity Not Available,Race Not Available,Sex Not Available,Loan originated,1,250000.0,80.0,,2.0,2,9000.0,600.0,5000.0,600.0,2400.0,300,0,0,0,0,1,1,1,1,1,1,360000.0,1,1,1,1,1,1,1,1,1,1,1,1,1,1,55-64,35-44,1,1,1,1,1,1,1,1,1,1,1,1,1,1,1,1,1,1,1,1,1,1,1,1,1,1,1,1,1,1,1,1,1,1,1,1,1,1
2024,99999,NC,37181.0,37181020005.0,Conventional:First Lien,Single Family (1-4 Units):Site-Built,Not Hispanic or Latino,White,Male,Loan originated,1,250000.0,85.0,,2.0,1,7000.0,400.0,5000.0,400.0,2600.0,300,0,0,0,0,1,1,1,1,1,1,325000.0,1,1,1,1,1,1,1,1,1,1,1,1,1,1,65-74,65-74,1,1,1,1,1,1,1,1,1,1,1,1,1,1,1,1,1,1,1,1,1,1,1,1,1,1,1,1,1,1,1,1,1,1,1,1,1,1
2024,99999,GA,13067.0,1306701500.0,VA:First Lien,Mobile Home,Hispanic or Latino,White,Female,Application denied,1,200000.0,90.0,,,3,8000.0,600.0,5000.0,500.0,2500.0,360,0,0,0,0,1,1,1,1,1,1,275000.0,2,1,3,5,1,1,2,3,2,4,1,1,1,1,65-74,65-74,1,1,1,1,1,1,1,1,1,1,1,1,1,1,1,1,1,1,1,1,1,1,1,1,1,1,1,1,1,1,1,1,1,1,1,1,1,1
2024,99999,IA,19055.0,19055001508.0,FHA:First Lien,Single Family (1-4 Units):Site-Built,Not Hispanic or Latino,White,Male,Loan originated,3,225000.0,80.0,7.0,3.0,1,6000.0,500.0,4000.0,500.0,2000.0,150,0,0,0,0,1,1,1,1 ,1,1,340000.0,1,1,1,1,1,1,1,1,1,1,1,1,1,1,45-54,55-64,1,1,1,1,1,1,1,1,1,1,1,1,1,1,1,1,1,1,1,1,1,1,1,1,1,1,1,1,1,1,1,1,1,1,1,1,1,1
2024,99999,OH,39035.0,39035000001.0,Conventional:Subordinate Lien,Single Family (1-4 Units):Site-Built,Hispanic or Latino,White,Male,Loan originated,3,350000.0,85.0,6.875,2.25,2,10500.0,750.0,6800.0,750.0,3200.0,300,0,0,0,0,1,1,3,5,1,0,390000.0,1,1,1,1,1,1,1,1,1,1,1,1,1,1,55-64,55-64,1,1,1,1,1,1,1,1,1,1,1,1,1,1,1,1,1,1,1,1,1,1,1,1,1,1,1,1,1,1,1,1,1,1,1,1,1,1
2024,99999,MA,25025.0,25025054975.0,Conventional:First Lien,Single Family (1-4 Units):Site-Built,Not Hispanic or Latino,White,Female,Loan originated,1,400000.0,90.0,7.25,2.5,2,13000.0,1000.0,9500.0,1000.0,3200.0,300,0,0,0,0,1,1,3,5,1,1,450000.0,1,1,3,5,1,1,1,1,1,1,1,1,1,1,55-64,65-74,1,1,1,1,1,1,1,1,1,1,1,1,1,1,1,1,1,1,1,1,1,1,1,1,1,1,1,1,1,1,1,1,1,1,1,1,1,1
2024,99999,VT,50001.0,50001211000.0,FHA:First Lien,Single Family (1-4 Units):Site-Built,Not Hispanic or Latino,White,Female,Loan originated,1,300000.0,85.0,6.5,2.0,2,10000.0,800.0,7000.0,800.0,3200.0,360,0,0,0,0,1,1,1,1,1,1,310000.0,1,1,1,1,1,1,1,1,1,1,1,1,1,1,35-44,25-34,1,1,1,1,1,1,1,1,1,1,1,1,1,1,1,1,1,1,1,1,1,1,1,1,1,1,1,1,1,1,1,1,1,1,1,1,1,1
2024,99999,NV,32003.0,32003005300.0,VA:First Lien,Single Family (1-4 Units):Site-Built,Hispanic or Latino,Hispanic,Male,Application denied,1,275000.0,80.0,6.75,2.5,2,8000.0,600.0,5500.0,600.0,2300.0,360,0,0,0,0,1,1,3,5,1,1,450000.0,1,1,3,5,1,1,1,1,1,1,1,1,1,1,65-74,65-74,1,1,1,1,1,1,1,1,1,1,1,1,1,1,1,1,1,1,1,1,1,1,1,1,1,1,1,1,1,1,1,1,1,1,1,1,1,1
2024,99999,MD,24037.0,24037028905.0,MFD:First Lien,Mobile Home,Not Hispanic or Latino,White,Female,Loan originated,2,220000.0,92.0,5.5,2.5,2,7000.0,500.0,4500.0,500.0,2000.0,240,0,0,0,0,1,1,1,1,1,1,245000.0,2,1,3,5,1,1,2,3,2,4,1,1,1,1,65-74,45-54,1,1,1,1,1,1,1,1,1,1,1,1,1,1,1,1,1,1,1,1,1,1,1,1,1,1,1,1,1,1,1,1,1,1,1,1,1,1
2024,99999,NJ,34013.0,34013030800.0,Conventional:Subordinate Lien,Single Family (1-4 Units):Site-Built,Hispanic or Latino,White,Female,Loan originated,3,300000.0,80.0,7.25,2.5,2,10500.0,800.0,6500.0,800.0,3200.0,300,0,0,0,0,1,1,3,5,1,1,300000.0,1,1,1,1,1,1,1,1,1,1,1,1,1,1,45-54,65-74,1,1,1,1,1,1,1,1,1,1,1,1,1,1,1,1,1,1,1,1,1,1,1,1,1,1,1,1,1,1,1,1,1,1,1,1,1,1 2024,99999,NY,36005.0,36005053701.0,VA:First