2024,99999,CA,6075.0,6075030100.0,Conventional:First Lien,Single Family (1-4 Units):Site-Built,Not Hispanic or Latino,White,Male,Approved for loan originations,1,300000.0,85.0,6.25,1.25,1,2000.0,1500.0,1000.0,1.0,500.0,360,0,0,0,0,0,0,0,1,1,1,1,3,3,2,2,65-74,500000.0,1,1,1,1,1,1,1,1,1,1,1,1,1,1,75,65,No,1,1,1,1,1,1,1,1,1,1,1,1,1,1,1,1,1,1,1,1,1,1,1,1,1,1,1,1,1,1,1,1,1,1,1,1,1,1,1,1,1,1,1,1,1,1,1,1,1,1,1,1,1,1,1,1,1,1,1,1,1,1
2024,99999,NY,36280.0,36280130100.0,FHA:First Lien,Single Family (1-4 Units):Site-Built,Hispanic or Latino,Hispanic or Latino,Male,Approved for loan originations,1,325000.0,90.0,6.5,1.5,1,2500.0,2000.0,1500.0,1.5,500.0,360,0,0,0,0,0,0,0,1,1,1,1,2,2,2,2,75-85,450000.0,1,1,2,2,2,2,2,2,2,2,2,2,2,2,30,25,No,Other,1,1,1,1,1,1,1,1,1,1,1,1,1,1,1,1,1,1,1,1,1,1,1,1,1,1,1,1,1,1,1,1,1,1,1,1,1,1,1,1,1,1,1,1,1,1,1,1,1,1,1,1,1,1,1,1,1,1,1,1,1
2024,12054,GA,13121.0,13121010529.0,VA:First Lien,Single Family (1-4 Units):Site-Built,Ethnicity Not Available,Race Not Available,Sex Not Available,6,32,225000.0,,6.875,,2,16692.05,,10197.8,8302.8,,300.0,,,2,2,2,2,275000.0,1,1,3,5,1,,9,7,4.0,4.0,3,3,7.0,7.0,3,3,4,4,3,3,85-90,8888,,,3,3,1,1,1,1,1,1,1,1,1,1,1,1,1,1,1,1,1,1,1,1,1,1,1,1,1,1,1,1,1,1,1,1,1,1,1,1,1,1,1,1,1,1,1,1,1,1,1,1,1,1,1,1,1,1,1,1,1,1,1
2024,99999,IL,17099.0,17099190100.0,Conventional:First Lien,Single Family (1-4 Units):Site-Built,Not Hispanic or Latino,White,Female,Approved for loan originations,1,280000.0,95.0,6.125,0.5,2,1800.0,1200.0,800.0,0.8,1000.0,360,0,0,0,0,0,0,0,1,1,1,1,1,2,1,1,55-75,450000.0,1,1,1,1,1,1,1,1,1,1,1,1,1,1,45,35,Yes,Other,1,1,1,1,1,1,1,1,1,1,1,1,1,1,1,1,1,1,1,1,1,1,1,1,1,1,1,1,1,1,1,1,1,1,1,1,1,1,1,1,1,1,1,1,1,1,1,1,1,1,1,1,1,1,1,1,1,1,1,1,1
2024,99999,TX,48201.0,48201000100.0,Conventional:Subordinate Lien,Single Family (1-4 Units):Site-Built,Not Hispanic or Latino,White,Male,Application approved but not accepted,1,180000.0,80.0,6.75,2.0,3,1000.0,700.0,500.0,0.5,300.0,360,0,0,0,0,0,0,0,1,1,1,1,3,3,2,2,25-55,300000.0,1,1,1,1,1,1,1,1,1,1,1,1,1,1,40,30,Yes,Other,1,1,1,1,1,1,1,1,1,1,1,1,1,1,1,1,1,1,1,1,1,1,1,1,1,1,1,1,1,1,1,1,1,1,1,1,1,1,1,1,1,1,1,1,1,1,1,1,1,1,1,1,1,1,1,1,1,1,1,1,1
2024,99999,FL,12001.0,12001432300.0,FHA:First Lien,Single Family (1-4 Units):Site-Built,Not Hispanic or Latino,White,Female,Approved for loan originations,1,380000.0,88.0,7.0,1.75,1,2200.0,1800.0,1400.0,1.0,400.0,360,0,0,0,0,0,0,0,1,1,1,1,3,4,2,1,40-65,450000.0,1,1,1,1,1,1,1,1,1,1,1,1,1,1,22,20,Yes,1,1,1,1,1,1,1,1,1,1,1,1,1,1,1,1,1,1,1,1,1,1,1,1,1,1,1,1,1,1,1,1,1,1,1,1,1,1,1,1,1,1,1,1,1,1,1,1,1,1,1,1,1,1,1,1,1,1,1,1,1
2024,12054,NC,37001.0,37001020100.0,Conventional:First Lien,Single Family (1-4 Units):Site-Built,Borrower does not wish to provide this information,Not Applicable,Female,Approved for loan originations,1,310000.0,92.0,5.75,0.25,2,1700.0,1200.0,800.0,0.7,900.0,360,0,0,0,0,0,0,0,1,1,1,1,3,4,2,2,65-75,400000.0,1,1,2,2,2,2,2,2,2,2,2,2,2,2,30,40,Yes,Other,1,1,1,1,1,1,1,1,1,1,1,1,1,1,1,1,1,1,1,1,1,1,1,1,1,1,1,1,1,1,1,1,1,1,1,1,1,1,1,1,1,1,1,1,1,1,1,1,1,1,1,1,1,1,1,1,1,1,1,1,1
2024,99999,WA,53001.0,53001013100.0,VA:First Lien,Single Family (1-4 Units):Site-Built,Historically Black,Black or African American,Male,Approved for loan originations,1,340000.0,85.0,6.0,1.0,1,2000.0,1500.0,1000.0,1.2,500.0,360,0,0,0,0,0,0,0,1,1,1,1,2,2,2,2,55-75,425000.0,1,1,1,1,1,1,1,1,1,1,1,1,1,1,40,30,No,1,1,1,1,1,1,1,1,1,1,1,1,1,1,1,1,1,1,1,1,1,1,1,1,1,1,1,1,1,1,1,1,1,1,1,1,1,1,1,1,1,1,1,1,1,1,1,1,1,1,1,1,1,1,1,1,1,1,1,1,1
2024,99999,CA,6075.0,6075030100.0,Conventional:First Lien,Single Family (1-4 Units):Site-Built,Not Hispanic or Latino,White,Male,Approved for loan originations,1,250000.0,85.0,6.25,1.25,1,2000.0,1500.0,1000.0,1.0,500.0,360,0,0,0,0,0,0,0,1,1,1,1,3,3,2,2,65-74,500000.0,1,1,1,1,1,1,1,1,1,1,1,1,1,1,75,65,No,1,1,1,1,1,1,1,1,1,1,1,1,1,1,1,1,1,1,1,1,1,1,1,1,1,1,1,1,1,1,1,1,1,1,1,1,1,1,1,1,1,1,1,1,1,1,1,1,1,1,1,1,1,1,1,1,1,1,1,1,1,1
2024,99999,NJ,34013.0,34013000300.0,FHA:First Lien,Single Family (1-4 Units):Site-Built,Hispanic or Latino,Hispanic or Latino,Male,Approved for loan originations,1,325000.0,90.0,6.5,1.5,1,2500.0,2000.0,1500.0,1.5,500.0,360,0,0,0,0,0,0,0,1,1,1,1,2,2,2,2,75-85,450000.0,1,1,2,2,2,2,2,2,2,2,2,2,2,2,30,25,No,Other,1,1,1,1,1,1,1,1,1,1,1,1,1,1,1,1,1,1,1,1,1,1,1,1,1,1,1,1,1,1,1,1,1,1,1,1,1,1,1,1,1,1,1,1,1,1,1,1,1,1,1,1,1,1,1,1,1,1,1,1,1
2024,12054,GA,13121.0,13121010529.0,VA:First Lien,Single Family (1-4 Units):Site-Built,Ethnicity Not Available,Race Not Available,Sex Not Available,6,32,225000.0,,6.875,,2,16692.05,,10197.8,8302.8,,300.0,,,2,2,2,2,275000.0,1,1,3,5,1,,9,7,4.0,4.0,3,3,7.0,7.0,3,3,4,4,3,3,85-90,8888,,,3,3,1,1,1,1,1,1,1,1,1,1,1,1,1,1,1,1,1,1,1,1,1,1,1,1,1,1,1,1,1,1,1,1,1,1,1,1,1,1,1,1,1,1,1,1,1,1,1,1,1,1,1,1,1,1,1,1,1,1,1
2024,99999,OR,41029.0,41029010100.0,Conventional:First Lien,Single Family (1-4 Units):Site-Built,Native Hawaiian or Other Pacific Islander,Asian,Female,Approved for loan originations,1,300000.0,90.0,6.0,1.0,1,1700.0,1200.0,800.0,0.8,900.0,360,0,0,0,0,0,0,0,1,1,1,1,5,2,1,1,65-75,400000.0,1,1,1,1,1,1,1,1,1,1,1,1,1,1,20,15,No,1,1,1,1,1,1,1,1,1,1,1,1,1,1,1,1,1,1,1,1,1,1,1,1,1,1,1,1,1,1,1,1,1,1,1,1,1,1,1,1,1,1,1,1,1,1,1,1,1,1,1,1,1,1,1,1,1,1,1,1,1
2024,99999,MA,25017.0,25017010100.0,Conventional:First Lien,Single Family (1-4 Units):Site-Built,Not Hispanic or Latino,White,Female,Approved for loan originations,1,310000.0,92.0,5.75,0.25,2,1700.0,1200.0,800.0,0.7,900.0,360,0,0,0,0,0,0,0,1,1,1,1,2,2,3,3,55-75,400000.0,1,1,1,1,1,1,1,1,1,1,1,1,1,1,35,25,Yes,Other,1,1,1,1,1,1,1,1,1,1,1,1,1,1,1,1,1,1,1,1,1,1,1,1,1,1,1,1,1,1,1,1,1,1,1,1,1,1,1,1,1,1,1,1,1,1,1,1,1,1,1,1,1,1,1,1,1,1,1,1,1
2024,99999,IN,18039.0,18039011000.0,FHA:First Lien,Single Family (1-4 Units):Site-Built,Not Hispanic or Latino,White,Male,Approved for loan originations,1,340000.0,85.0,7.0,1.75,2,1800.0,1500.0,1000.0,1.2,500.0,360,0,0,0,0,0,0,0,1,1,1,1,3,2,2,1,65-75,450000.0,1,1,1,1,1,1,1,1,1,1,1,1,1,1,30,25,Yes,1,1,1,1,1,1,1,1,1,1,1,1,1,1,1,1,1,1,1,1,1,1,1,1,1,1,1,1,1,1,1,1,1,1,1,1,1,1,1,1,1,1,1,1,1,1,1,1,1,1,1,1,1,1,1,1,1,1,1,1,1
2024,99999,WI,55079.0,55079804000.0,VA:First Lien,Single Family (1-4 Units):Site-Built,Not Hispanic or Latino,White,Male,Approved for loan originations,1,315000.0,88.0,6.0,1.5,1,2000.0,1500.0,1000.0,1.0,500.0,360,0,0,0,0,0,0,0,1,1,1,1,3,3,2,1,65-75,400000.0,1,1,1,1,1,1,1,1,1,1,1,1,1,1,25,20,No,Other,1,1,1,1,1,1,1,1,1,1,1,1,1,1,1,1,1,1,1,1,1,1,1,1,1,1,1,1,1,1,1,1,1,1,1,1,1,1,1,1,1,1,1,1,1,1,1,1,1,1,1,1,1,1,1,1,1,1,1,1,1
2024,99999,NV,32001.0,32001010100.0,Conventional:Subordinate Lien,Single Family (1-4 Units):Site-Built,Not Hispanic or Latino,White,Female,Application approved but not accepted,1,130000.0,85.0,7.25,2.25,3,1500.0,1000.0,600.0,0.8,400.0,360,0,0,0,0,0,0,0,1,1,1,1,1,1,1,1,25-45,300000.0,1,1,1,1,1,1,1,1,1,1,1,1,1,1,20,18,Yes,Other,1,1,1,1,1,1,1,1,1,1,1,1,1,1,1,1,1,1,1,1,1,1,1,1,1,1,1,1,1,1,1,1,1,1,1,1,1,1,1,1,1,1,1,1,1,1,1,1,1,1,1,1,1,1,1,1,1,1,1,1,1
2024,99999,FL,12001.0,12001432300.0,FHA:First Lien,Single Family (1-4 Units):Site-Built,Not Hispanic or Latino,White,Female,Approved for loan originations,1,380000.0,88.0,7.0,1.75,1,2200.0,1800.0,1400.0,1.0,400.0,360,0,0,0,0,0,0,0,1,1,1,1,3,4,2,1,40-65,450000.0,1,1,1,1,1,1,1,1,1,1,1,1,1,1,22,20,Yes,1,1,1,1,1,1,1,1,1,1,1,1,1,1,1,1,1,1,1,1,1,1,1,1,1,1,1,1,1,1,1,1,1,1,1,1,1,1,1,1,1,1,1,1,1,1,1,1,1,1,1,1,1,1,1,1,1,1,1,1,1
2024,99999,SC,45091.0,45091001000.0,Conventional:First Lien,Single Family (1-4 Units):Site-Built,Not Hispanic or Latino,White,Female,Approved for loan originations,1,230000.0,85.0,7.5,2.25,1,1500.0,1200.0,800.0,1.0,300.0,360,0,0,0,0,0,0,0,1,1,1,1,2,3,1,2,45-65,400000.0,1,1,1,1,1,1,1,1,1,1,1,1,1,1,40,35,Yes,1,1,1,1,1,1,1,1,1,1,1,1,1,1,1,1,1,1,1,1,1,1,1,1,1,1,1,1,1,1,1,1,1,1,1,1,1,1,1,1,1,1,1,1,1,1,1,1,1,1,1,1,1,1,1,1,1,1,1,1,1
2024,99999,CO,08027.0,08027131100.0,FHA:First Lien,Single Family (1-4 Units):Site-Built,Not Hispanic or Latino,White,Male,Approved for loan originations,1,300000.0,90.0,6.25,0.75,1,1000.0,800.0,500.0,1.0,200.0,360,0,0,0,0,0,0,0,1,1,1,1,2,2,2,2,35-55,350000.0,1,1,1,1,1,1,1,1,1,1,1,1,1,1,50,45,No,1,1,1,1,1,1,1,1,1,1,1,1,1,1,1,1,1,1,1,1,1,1,1,1,1,1,1,1,1,1,1,1,1,1,1,1,1,1,1,1,1,1,1,1,1,1,1,1,1,1,1,1,1,1,1,1,1,1,1,1,1
2024,99999,MO,29510.0,29510010000.0,Conventional:First Lien,Single Family (1-4 Units):Site-Built,Hispanic or Latino,Mexican,Male,Approved for loan originations,1,255000.0,85.0,5.75,0.5,3,1000.0,800.0,500.0,1.0,200.0,360,0,0,0,0,0,0,0,1,1,1,1,3,2,4,2,45-65,350000.0,1,1,2,2,2,2,2,2,2,2,2,2,2,2,25,20,Yes,1,1,1,1,1,1,1,1,1,1,1,1,1,1,1,1,1,1,1,1,1,1,1,1,1,1,1,1,1,1,1,1,1,1,1,1,1,1,1,1,1,1,1,1,1,1,1,1,1,1,1,1,1,1,1,1,1,1,1,1,1
2024,99999,OH,39141.0,39141020100.0,VA:First Lien,Single Family (1-4 Units):Site-Built,Not Hispanic or Latino,White,Female,Approved for loan originations,1,310000.0,88.0,6.0,1.25,2,1500.0,1200.0,800.0,1.0,300.0,360,0,0,0,0,0,0,0,1,1,1,1,3,3,4,3,55-75,400000.0,1,1,1,1,1,1,1,1,1,1,1,1,1,1,40,35,Yes,1,1,1,1,1,1,1,1,1,1,1,1,1,1,1,1,1,1,1,1,1,1,1,1,1,1,1,1,1,1,1,1,1,1,1,1,1,1,1,1,1,1,1,1,1,1,1,1,1,1,1,1,1,1,1,1,1,1,1,1,1
2024,99999,MD,24019.0,24019000100.0,FHA:First Lien,Single Family (1-4 Units):Site-Built,Not Hispanic or Latino,White,Male,Approved for loan originations,1,320000.0,90.0,6.5,1.5,2,1800.0,1500.0,1000.0,1.0,300.0,360,0,0,0,0,0,0,0,1,1,1,1,1,4,3,2,25-45,400000.0,1,1,1,1,1,1,1,1,1,1,1,1,1,1,40,35,Yes,1,1,1,1,1,1,1,1,1,1,1,1,1,1,1,1,1,1,1,1,1,1,1,1,1,1,1,1,1,1,1,1,1,1,1,1,1,1,1,1,1,1,1,1,1,1,1,1,1,1,1,1,1,1,1,1,1,1,1,1,1
2024,99999,AZ,04021.0,04021007200.0,Conventional:First Lien,Single Family (1-4 Units):Site-Built,Not Hispanic or Latino,White,Female,Approved for loan originations,1,265000.0,85.0,6.5,1.0,1,1500.0,1000.0,700.0,1.0,500.0,360,0,0,0,0,0,0,0,1,1,1,1,3,2,2,2,35-55,350000.0,1,1,1,1,1,1,1,1,1,1,1,1,1,1,60,40,Yes,1,1,1,1,1,1,1,1,1,1,1,1,1,1,1,1,1,1,1,1,1,1,1,1,1,1,1,1,1,1,1,1,1,1,1,1,1,1,1,1,1,1,1,1,1,1,1,1,1,1,1,1,1,1,1,1,1,1,1,1,1
2024,99999,NE,31069.0,31069001000.0,FHA:First Lien,Single Family (1-4 Units):Site-Built,Not Hispanic or Latino,White,Male,Approved for loan originations,1,340000.0,85.0,7.0,1.75,1,2000.0,1500.0,1000.0,1.2,500.0,360,0,0,0,0,0,0,0,1,1,1,1,2,2,2,1,65-75,450000.0,1,1,1,1,1,1,1,1,1,1,1,1,1,1,30,25,Yes,1,1,1,1,1,1,1,1,1,1,1,1,1,1,1,1,1,1,1,1,1,1,1,1,1,1,1,1,1,1,1,1,1,1,1,1,1,1,1,1,1,1,1,1,1,1,1,1,1,1,1,1,1,1,1,1,1,1,1,1,1
2024,99999,PA,42127.0,42127960600.0,VA:First Lien,Single Family (1-4 Units):Site-Built,Ethnicity Not Available,Race Not Available,Sex Not Available,6,32,355000.0,,,,3,,,,,,360,,,2,2,2,2,,1,1,3,5,1,,108.0,,3,10,3.0,5.0,2,4,6.0,8.0,2,4,3,5,2,4,65-74,9999,Yes,,1,1
2024,99999,GA,13121.0,13121010529.0,Conventional:First Lien,Single Family (1-4 Units):Site-Built,Not Hispanic or Latino