2024,12345,CA,06075.0,06075010200.0,FHA:First Lien,Single Family (1-4 Units):Site-Built,Not Hispanic or Latino,White,Male,1,1,280000.0,85.0,6.25,2.5,1,14625.0,2314.5,3212.5,2000.0,14000.0,360,0,0,0,0,0,0,0,0,0,0,0,350000.0,1,1,3,3,1,2,1,1,50,50,1,1,75-84,75-84,No,,2,2,1,1,1,1,2,2,1,1,65,70,0,0,1,1,1,1,1,1,1,1,1,1,1,1,300000.0,350000.0,300000.0,350000.0,65,70,350000.0
2024,87654,NY,36061.0,36061542300.0,Conventional:First Lien,Single Family (1-4 Units):Site-Built,Hispanic or Latino,Hispanic or Latino,Male,1,7,175000.0,87.0,5.75,2.0,1,12345.0,1800.0,2500.0,1000.0,10000.0,360,0,0,0,0,0,0,0,0,0,0,0,175000.0,1,1,3,5,1,2,1,1,48,60,1,1,65-74,65-74,No,,2,2,1,1,1,1,2,2,1,1,70,80,0,0,1,1,1,1,1,1,1,1,1,1,1,1,250000.0,280000.0,260000.0,290000.0,70,80,280000.0
2024,55555,TX,48201.0,48201312300.0,FHA:First Lien,Single Family (1-4 Units):Site-Built,Not Hispanic or Latino,White,Male,1,32,225000.0,85.0,4.375,1.5,1,9600.0,1200.0,0.0,0.0,9000.0,360,0,0,0,0,0,0,0,0,0,0,1,250000.0,1,1,3,5,1,,1,1,75,75,1,1,75-84,75-84,No,,2,2,1,1,2,2,1,1,2,2,70,70,1,1,1,1,1,1,1,1,1,1,1,1,300000.0,320000.0,290000.0,330000.0,70,70,300000.0
2024,99999,FL,12010.0,12010076200.0,VA:First Lien,Single Family (1-4 Units):Site-Built,Not Hispanic or Latino,White,Female,1,32,190000.0,90.0,5.125,2.0,1,10500.0,1100.0,0.0,0.0,9000.0,180,0,0,0,0,0,0,0,0,0,0,0,190000.0,1,1,3,5,1,2,1,1,50,50,1,1,65-74,65-74,No,,2,2,1,1,1,1,2,2,1,1,65,65,1,1,1,1,1,1,1,1,1,1,1,1,200000.0,220000.0,190000.0,230000.0,65,65,200000.0
2024,45678,TX,48085.0,48085332100.0,Conventional:Subordinate Lien,Single Family (1-4 Units):Site-Built,Not Hispanic or Latino,White,Male,1,1,285000.0,84.0,6.0,2.2,3,15235.0,1650.0,2100.0,1000.0,13000.0,360,0,0,0,0,0,1,1,0,0,0,1,300000.0,1,1,3,5,1,2,1,1,55,55,1,1,65-74,65-74,No,,1,2,1,1,1,1,2,2,1,1,65,65,0,0,1,1,1,1,1,1,1,1,1,1,1,1,350000.0,370000.0,340000.0,380000.0,65,65,350000.0
2024,33333,IL,17031.0,17031002500.0,FHA:First Lien,Single Family (1-4 Units):Site-Built,Hispanic or Latino,Hispanic or Latino,Female,1,32,185000.0,90.0,5.5,2.2,2,9800.0,1300.0,0.0,0.0,8800.0,360,0,0,0,0,0,0,0,0,0,0,0,185000.0,1,1,3,5,1,2,1,1,45,50,1,1,65-74,65-74,No,,1,2,1,1,1,1,2,2,1,1,60,65,0,0,1,1,1,1,1,1,1,1,1,1,1,1,225000.0,230000.0,220000.0,240000.0,60,65,225000.0
2024,88888,GA,13059.0,13059122300.0,Conventional:First Lien,Single Family (1-4 Units):Site-Built,Not Hispanic or Latino,White,Male,1,1,165000.0,80.0,5.25,2.2,2,10709.0,1025.0,2000.0,0.0,9000.0,180,0,0,0,0,0,0,0,0,0,0,0,165000.0,1,1,3,5,1,2,1,1,50,55,1,1,75-84,75-84,No,,1,2,1,1,1,1,2,2,1,1,60,65,0,0,1,1,1,1,1,1,1,1,1,1,1,1,185000.0,200000.0,175000.0,210000.0,60,65,185000.0
2024,77777,WA,53033.0,53033029600.0,VA:First Lien,Multifamily (5+ Units):Site-Built,Not Hispanic or Latino,White,Female,1,32,175000.0,82.0,5.0,2.2,1,10000.0,1000.0,1000.0,0.0,8000.0,360,0,0,0,0,0,0,0,0,0,0,0,190000.0,1,3,3,5,1,,1,1,45,45,1,1,75-84,75-84,No,,2,2,1,1,1,1,2,2,1,1,60,60,0,0,1,1,1,1,1,1,1,1,1,1,1,1,210000.0,230000.0,200000.0,240000.0,60,60,210000.0
2024,22222,OH,39031.0,39031001100.0,FHA:First Lien,Single Family (1-4 Units):Site-Built,Hispanic or Latino,Hispanic or Latino,Male,1,32,190000.0,88.0,4.75,1.5,2,9500.0,1200.0,0.0,0.0,9000.0,360,0,0,0,0,0,0,0,0,0,0,0,190000.0,1,1,3,5,1,,1,1,55,60,1,1,75-84,75-84,No,,2,2,1,1,1,1,2,2,1,1,70,75,0,0,1,1,1,1,1,1,1,1,1,1,1,1,230000.0,250000.0,220000.0,260000.0,70,75,230000.0
2024,12121,MD,24031.0,24031032700.0,Conventional:Subordinate Lien,Single Family (1-4 Units):Site-Built,Not Hispanic or Latino,White,Male,1,1,235000.0,85.0,6.25,2.2,3,14000.0,1500.0,1200.0,0.0,12000.0,360,1,0,0,0,0,0,0,0,0,0,0,235000.0,1,1,3,5,1,,1,1,50,50,1,1,65-74,65-74,No,,2,2,1,1,1,1,2,2,1,1,60,60,1,1,1,1,1,1,1,1,1,1,1,1,300000.0,310000.0,290000.0,320000.0,60,60,300000.0
2024,34567,MI,26003.0,26003010500.0,Va:First Lien,Single Family (1-4 Units):Site-Built,Not Hispanic or Latino,White,Female,1,32,175000.0,90.0,4.875,2.2,3,9700.0,1025.0,0.0,0.0,9000.0,360,0,0,0,0,0,0,0,0,0,0,0,175000.0,1,1,3,5,1,,1,1,48,50,1,1,65-74,65-74,No,,2,2,1,1,1,1,2,2,1,1,60,65,1,1,1,1,1,1,1,1,1,1,1,1,200000.0,210000.0,190000.0,220000.0,60,65,200000.0
2024,90123,NC,37083.0,37083030300.0,Conventional:First Lien,Single Family (1-4 Units):Site-Built,Hispanic or Latino,Hispanic or Latino,Male,1,1,245000.0,85.0,6.0,2.0,1,13566.0,1200.0,1500.0,1000.0,12000.0,360,0,0,0,0,0,0,0,0,0,0,0,250000.0,1,1,3,5,1,,1,1,48,52,1,1,65-74,65-74,No,,1,2,1,1,1,1,2,2,1,1,55,60,0,0,1,1,1,1,1,1,1,1,1,1,1,1,300000.0,320000.0,290000.0,330000.0,55,60,300000.0
2024,87654,CO,08031.0,08031001400.0,FHA:First Lien,Single Family (1-4 Units):Site-Built,Not Hispanic or Latino,White,Male,1,1,180000.0,88.0,5.25,2.2,3,10500.0,1000.0,0.0,0.0,9000.0,360,0,0,0,0,0,0,0,0,0,0,0,185000.0,1,1,3,5,1,,1,1,50,50,1,1,65-74,65-74,No,,2,2,1,1,1,1,2,2,1,1,65,65,0,0,1,1,1,1,1,1,1,1,1,1,1,1,210000.0,220000.0,200000.0,230000.0,65,65,210000.0
2024,55555,ID,16001.0,16001014300.0,VA:First Lien,Single Family (1-4 Units):Site-Built,Not Hispanic or Latino,White,Female,1,1,200000.0,90.0,5.0,2.0,3,10300.0,1200.0,500.0,500.0,8500.0,360,0,0,0,0,0,0,0,0,0,0,0,200000.0,1,1,3,5,1,,1,1,45,48,1,1,65-74,65-74,No,,2,2,1,1,1,1,2,2,1,1,70,72,0,0,1,1,1,1,1,1,1,1,1,1,1,1,240000.0,250000.0,230000.0,260000.0,70,72,240000.0
2024,44444,OR,41059.0,41059320400.0,Conventional:First Lien,Single Family (1-4 Units):Site-Built,Hispanic or Latino,Hispanic or Latino,Male,1,1,240000.0,79.0,5.5,1.5,3,12500.0,1400.0,1200.0,0.0,10000.0,360,0,0,0,0,0,0,0,0,0,0,0,235000.0,1,1,3,5,1,2,1,1,45,50,1,1,65-74,65-74,No,,2,2,1,1,1,1,2,2,1,1,70,75,0,0,1,1,1,1,1,1,1,1,1,1,1,1,270000.0,280000.0,260000.0,290000.0,70,75,270000.0
2024,99999,NH,33007.0,33007003000.0,FHA:First Lien,Single Family (1-4 Units):Site-Built,Not Hispanic or Latino,White,Female,1,32,190000.0,80.0,4.25,2.2,2,9500.0,950.0,0.0,0.0,8500.0,360,0,0,0,0,0,0,0,0,0,0,0,190000.0,1,1,3,5,1,2,1,1,50,55,1,1,65-74,65-74,No,,2,2,1,1,1,1,2,2,1,1,60,65,0,0,1,1,1,1,1,1,1,1,1,1,1,1,210000.0,220000.0,200000.0,230000.0,60,65,210000.0
2024,78901,CA,06019.0,06019035400.0,Va:First Lien,Single Family (1-4 Units):Site-Built,Not Hispanic or Latino,White,Female,1,1,200000.0,84.0,6.5,2.0,3,12000.0,1100.0,0.0,0.0,10000.0,360,0,0,0,0,0,0,0,0,0,0,0,200000.0,1,1,3,5,1,2,1,1,55,50,1,1,65-74,65-74,No,,2,1,1,1,1,1,2,2,1,1,70,65,0,0,1,1,1,1,1,1,1,1,1,1,1,1,250000.0,260000.0,240000.0,270000.0,70,65,250000.0
2024,13579,FL,12093.0,12093234500.0,Conventional:First Lien,Single Family (1-4 Units):Site-Built,Not Hispanic or Latino,White,Male,1,1,380000.0,89.0,7.25,2.7,3,21800.0,1000.0,2000.0,0.0,17000.0,360,0,0,0,0,0,0,0,0,0,0,0,380000.0,1,1,3,5,1,,1,1,45,50,1,1,65-74,65-74,No,,2,2,1,1,1,1,2,2,1,1,65,70,0,0,1,1,1,1,1,1,1,1,1,1,1,1,450000.0,470000.0,430000.0,490000.0,65,70,450000.0
2024,86420,NJ,34013.0,34013023400.0,Conventional:First Lien,Single Family (1-4 Units):Site-Built,Not Hispanic or Latino,White,Female,1,32,180000.0,85.0,5.375,2.2,2,10100.0,1000.0,1000.0,0.0,10000.0,360,0,0,0,0,0,0,0,0,0,0,0,180000.0,1,1,3,5,1,2,1,1,60,65,1,1,65-74,65-74,No,,2,2,1,1,1,1,2,2,1,1,60,65,0,0,1,1,1,1,1,1,1,1,1,1,1,1,220000.0,230000.0,210000.0,240000.0,60,65,220000.0
2024,34567,CT,09005.0,09005011300.0,FHA:First Lien,Single Family (1-4 Units):Site-Built,Hispanic or Latino,Hispanic or Latino,Male,1,32,185000.0,86.0,5.5,1.5,2,9400.0,800.0,0.0,0.0,9000.0,360,0,0,0,0,0,0,0,0,0,0,0,185000.0,1,1,3,5,1,2,1,1,48,50,1,1,65-74,65-74,No,,2,2,1,1,1,1,2,2,1,1,65,70,0,0,1,1,1,1,1,1,1,1,1,1,1,1,200000.0,210000.0,190000.0,220000.0,65,70,200000.0
2024,12121,MA,25025.0,25025011500.0,Conventional:Subordinate Lien,Multifamily (5+ Units):Site-Built,Not Hispanic or Latino,White,Male,1,1,275000.0,82.0,5.75,2.2,3,14000.0,1200.0,1500.0,1000.0,13000.0,300,0,0,0,0,0,1,0,1,1,1,0,275000.0,1,3,3,5,1,,1,1,50,50,1,1,65-74,65-74,No,,2,2,1,1,1,1,2,2,1,1,70,70,0,0,1,1,1,1,1,1,1,1,1,1,1,1,350000.0,360000.0,340000.0,370000.0,70,70,350000.0
2024,87654,SC,45035.0,45035032100.0,Va:First Lien,Single Family (1-4 Units):Site-Built,Hispanic or Latino,Hispanic or Latino,Female,1,1,145000.0,88.0,6.125,2.5,2,8800.0,900.0,0.0,0.0,8000.0,360,0,0,0,0,0,0,0,0,0,0,0,145000.0,1,1,3,5,1,,1,1,50,55,1,1,65-74,65-74,No,,2,2,1,1,1,1,2,2,1,1,60,65,0,0,1,1,1,1,1,1,1,1,1,1,1,1,175000.0,185000.0,165000.0,195000.0,60,65,175000.0
2024,90123,IN,18097.0,18097043200.0,FHA:First Lien,Single Family (1-4 Units):Site-Built,Not Hispanic or Latino,White,Female,1,32,200000.0,80.0,4.125,2.0,2,10400.0,1000.0,500.0,500.0,9000.0,360,0,0,0,0,0,0,0,0,0,0,0,200000.0,1,1,3,5,1,,1,1,45,50,1,1,65-74,65-74,No,,2,2,1,1,1,1,2,2,1,1,62,65,0,0,1,1,1,1,1,1,1,1,1,1,1,1,230000.0,240000.0,220000.0,250000.0,62,65,230000.0
2024,55555,WI,55003.0,55003062300.0,Conventional:First Lien,Single Family (1-4 Units):Site-Built,Not Hispanic or Latino,White,Male,1,1,260000.0,84.0,5.5,2.0,1,12700.0,1100.0,2000.0,500.0,10000.0,360,0,0,0,0,0,0,0,0,0,0,0,260000.0,1,1,3,5,1,,1,1,55,50,1,1,75-84,75-84,No,,2,2,1,1,1,1,2,2,1,1,65,60,0,0,1,1,1,1,1,1,1,1,1,1,1,1,290000.0,300000.0,280000.0,310000.0,65,60,290000.0
2024,44444,MI,26161.0,26161001000.0,FHA:First Lien,Single Family (1-4 Units):Site-Built,Hispanic or Latino,Hispanic or Latino,Male,1,32,140000.0,84.0,4.875,1.5,2,8900.0,800.0,0.0,0.0,8000.0,360,0,0,0,0,0,0,0,0,0,0,0,140000.0,1,1,3,5,1,,1,1,45,50,1,1,65-74,65-74,No,,2,2,1,1,1,1,2,2,1,1,62,65,0,0,1,1,1,1,1,1,1,1,1,1,1,1,160000.0,170000.0,150000.0,180000.0,62,65,160000.0
2024,99999,AZ,04007.0,04007008500.0,Conventional:First Lien,Single Family (1-4 Units):Site-Built,Hispanic or Latino,Hispanic or Latino,Female,1,1,200000.0,80.0,6.0,2.0,2,10000.0,1200.0,1000.0,500.0,8500.0,360,0,0,0,0,0,0,0,0,0,0,0,200000.0,1,1,3,5,1,,1,1,50,55,1,1,65-74,65-74,No,,2,2,1,1,1,1,2,2,1,1,65,70,0,0,1,1,1,1,1,1,1,1,1,1,1,1,230000.0,240000.0,220000.0,250000.0,65,70,230000.0
2024,78901,LV,32005.0,32005081000.0,FHA:First Lien,Single Family (1-4 Units):Site-Built,Not Hispanic or Latino,White,Male,1,32,130000.0,86.0,4.875,2.2,2,8400.0,800.0,0.0,0.0,7500.0,360,0,0,0,0,0,0,0,0,0,0,0,130000.0,1,1,3,5,1,,1,1,50,50,1,1,55-64,55-64,No,,2,2,1,1,1,1,2,2,1,1,65,65,0,0,1,1,1,1,1,1,1,1,1,1,1,1,150000.0,160000.0,140000.0,170000.0,65,65,150000.0
2024,13579,RI,44007.0,440070