EmployerName,SicCodes,DiffMeanHourlyPercent,DiffMedianHourlyPercent,DiffMeanBonusPercent,DiffMedianBonusPercent,MaleBonusPercent,FemaleBonusPercent,MaleLowerQuartile,FemaleLowerQuartile,MaleLowerMiddleQuartile,FemaleLowerMiddleQuartile,MaleUpperMiddleQuartile,FemaleUpperMiddleQuartile,MaleTopQuartile,FemaleTopQuartile,EmployerSize,DateSubmitted
BRITANNIA HOTELS LIMITED,55100,14.2,11.8,45.3,22.7,38.2,41.5,42.1,57.9,35.6,64.4,48.3,51.7,62.4,37.6,1000-4999,2025-01-15 09:22:33
COSTA LIMITED,56102,9.7,6.4,28.5,15.2,31.8,34.2,44.5,55.5,40.2,59.8,52.1,47.9,65.8,34.2,5000-19,999,2024-12-03 14:45:12
ASTON MARTIN LAGONDA LIMITED,29100,23.8,19.5,68.4,45.9,72.1,58.3,18.7,81.3,22.4,77.6,35.8,64.2,78.5,21.5,1000-4999,2025-02-28 11:30:25
HOLLAND & BARRETT RETAIL LIMITED,47260,12.3,8.9,52.1,31.6,41.7,48.9,38.2,61.8,33.5,66.5,45.9,54.1,59.7,40.3,5000-19,999,2024-11-20 16:18:47
BARRATT DEVELOPMENTS PLC,41100,18.6,15.2,61.3,38.7,65.8,52.4,28.3,71.7,31.9,68.1,42.7,57.3,68.2,31.8,5000-19,999,2025-03-12 10:05:29
TED BAKER LIMITED,14132,22.1,18.7,59.8,42.3,58.2,63.1,24.6,75.4,28.3,71.7,38.5,61.5,71.4,28.6,1000-4999,2024-10-08 13:52:41
WILKO RETAIL LIMITED,47110,16.4,13.2,48.7,29.5,44.6,49.2,35.8,64.2,32.1,67.9,41.3,58.7,63.5,36.5,5000-19,999,2025-04-01 09:37:22
SPIRIT PUB COMPANY (UK) LIMITED,56302,11.8,9.3,35.2,19.8,36.4,39.7,46.2,53.8,42.8,57.2,53.5,46.5,64.9,35.1,5000-19,999,2024-12-15 15:20:18
BURBERRY LIMITED,14120,26.3,22.8,71.5,48.2,68.9,62.4,21.2,78.8,25.7,74.3,39.2,60.8,73.6,26.4,1000-4999,2025-01-30 12:14:55
KIER GROUP PLC,41100,19.7,16.8,58.9,36.4,62.3,55.7,29.4,70.6,33.8,66.2,44.1,55.9,69.5,30.5,5000-19,999,2024-11-05 08:48:33
HARVEY NICHOLS & COMPANY LIMITED,47190,24.5,21.2,63.7,44.1,64.8,59.2,23.1,76.9,27.6,72.4,37.9,62.1,72.3,27.7,500-999,2025-02-14 16:55:22
CLARKS INTERNATIONAL LIMITED,15200,17.9,14.6,51.3,32.8,49.7,54.2,31.4,68.6,35.2,64.8,43.6,56.4,66.8,33.2,1000-4999,2024-10-22 11:42:07
DOMINO'S PIZZA GROUP PLC,56103,13.2,10.1,41.8,24.3,42.1,45.6,39.7,60.3,36.4,63.6,47.2,52.8,61.3,38.7,5000-19,999,2025-03-28 14:28:19
CARPETRIGHT PLC,47530,15.6,12.4,46.2,28.7,45.3,50.1,34.5,65.5,38.2,61.8,44.9,55.1,64.7,35.3,1000-4999,2024-12-20 09:15:44
PANDORA UK LIMITED,47770,18.3,15.7,54.6,35.2,52.8,57.3,30.1,69.9,33.7,66.3,41.4,58.6,67.9,32.1,1000-4999,2025-01-18 17:03:51
HALFORDS LIMITED,45320,14.7,11.9,43.5,26.8,43.7,48.2,37.2,62.8,40.1,59.9,46.8,53.2,62.5,37.5,5000-19,999,2024-11-12 10:38:26
JD SPORTS FASHION PLC,14140,21.4,18.1,57.2,39.6,56.4,61.8,25.3,74.7,29.8,70.2,38.7,61.3,70.6,29.4,5000-19,999,2025-02-05 13:21:49
GREGGS PLC,56102,10.2,7.8,32.6,18.1,35.4,38.7,45.8,54.2,42.3,57.7,51.6,48.4,63.2,36.8,5000-19,999,2024-10-30 15:47:33
O2 (UK) LIMITED,61100,16.8,13.5,49.3,30.6,48.1,53.7,33.2,66.8,36.9,63.1,44.5,55.5,65.3,34.7,5000-19,999,2025-03-15 08:29:15
RIVER ISLAND CLOTHING CO LIMITED,14140,20.6,17.3,55.8,37.9,54.7,60.2,26.4,73.6,30.1,69.9,39.2,60.8,69.7,30.3,1000-4999,2024-12-08 12:54:18
BOOTS UK LIMITED,47730,13.4,10.6,38.7,22.4,40.2,44.5,41.3,58.7,38.6,61.4,48.1,51.9,60.8,39.2,5000-19,999,2025-01-25 09:41:37
WICKES BUILDING SUPPLIES LIMITED,47540,17.2,14.8,52.1,33.6,50.4,55.9,32.7,67.3,35.4,64.6,43.8,56.2,67.1,32.9,1000-4999,2024-11-30 16:17:22
MISS SELFRIDGE RETAIL LIMITED,14140,23.7,20.4,64.8,43.2,62.5,67.3,22.8,77.2,26.5,73.5,36.9,63.1,71.8,28.2,500-999,2025-02-20 11:08:44
NEW LOOK RETAILERS LIMITED,14140,19.8,16.5,53.4,34.7,51.9,56.8,28.9,71.1,32.6,67.4,42.3,57.7,68.4,31.6,5000-19,999,2024-10-15 14:33:29
BENSONS FOR BEDS LIMITED,47510,16.3,13.1,47.8,29.2,46.1,51.7,35.6,64.4,39.3,60.7,45.2,54.8,63.8,36.2,1000-4999,2025-03-22 13:56:11
CINEWORLD UK LIMITED,59140,12.5,9.7,36.4,20.8,37.9,41.2,43.7,56.3,41.4,58.6,49.3,50.7,61.5,38.5,5000-19,999,2024-12-25 10:22:48
VIRGIN MEDIA LIMITED,61100,15.9,12.7,48.6,29.3,47.2,52.8,34.8,65.2,38.5,61.5,45.7,54.3,64.1,35.9,5000-19,999,2025-01-12 15:48:33
HOUSE OF FRASER STORES LIMITED,14140,25.1,21.8,69.2,46.7,66.3,61.8,20.5,79.5,24.2,75.8,37.6,62.4,74.2,25.8,1000-4999,2024-11-18 08:36:55
PREMIER INNS LIMITED,55110,13.8,11.2,39.5,23.7,41.6,45.3,40.1,59.9,37.2,62.8,47.6,52.4,61.7,38.3,5000-19,999,2025-04-05 12:19:27
LADBROKES CORAL GROUP PLC,92000,18.5,15.9,55.7,36.2,53.8,58.4,29.7,70.3,33.4,66.6,42.9,57.1,67.5,32.5,5000-19,999,2024-10-05 16:42:18
THOMAS COOK UK LIMITED,79110,19.3,16.6,57.4,38.1,55.2,60.7,27.8,72.2,31.5,68.5,40.7,59.3,69.2,30.8,1000-4999,2025-02-11 09:27:44
HMV RETAIL LIMITED,47610,17.4,14.2,50.3,31.8,48.9,53.6,32.9,67.1,36.6,63.4,43.7,56.3,66.4,33.6,1000-4999,2024-12-12 14:15:29
WH SMITH RETAIL LIMITED,47610,14.9,12.1,44.2,26.1,44.8,48.5,36.8,63.2,39.5,60.5,46.3,53.7,62.9,37.1,5000-19,999,2025-01-28 11:03:52
ARGOS LIMITED,47110,15.2,12.5,45.8,27.9,45.1,49.6,35.4,64.6,38.1,61.9,44.7,55.3,63.2,36.8,5000-19,999,2024-11-25 13:48:16
TESCO MOBILE LIMITED,61100,14.6,11.8,42.3,25.4,42.7,46.8,38.9,61.1,41.6,58.4,47.2,52.8,61.5,38.5,1000-4999,2025-03-08 10:31:24
MARKS & SPENCER PLC,47110,12.8,10.3,37.1,21.6,39.4,42.8,42.6,57.4,39.7,60.3,48.9,51.1,59.7,40.3,5000-19,999,2024-10-18 15:29:47
B&Q PLC,47540,16.1,13.3,46.7,28.5,46.3,50.9,34.2,65.8,37.9,62.1,45.1,54.9,64.3,35.7,5000-19,999,2025-02-25 08:52:33
SAINSBURY'S SUPERMARKETS LTD,47110,11.9,9.4,33.8,19.2,36.7,40.1,44.2,55.8,41.3,58.7,49.6,50.4,62.1,37.9,5000-19,999,2024-12-30 12:44:18
ASDA STORES LIMITED,47110,13.5,10.8,39.7,23.1,40.8,44.2,41.7,58.3,38.9,61.1,47.3,52.7,60.4,39.6,5000-19,999,2025-01-05 09:18:55
MORRISONS SUPERMARKETS PLC,47110,14.1,11.5,41.2,24.6,42.1,45.8,39.5,60.5,42.2,57.8,46.9,53.1,61.7,38.3,5000-19,999,2024-11-08 16:07:22
WAITROSE LIMITED,47110,10.6,8.2,30.4,16.8,34.2,37.9,46.8,53.2,43.5,56.5,51.2,48.8,58.3,41.7,5000-19,999,2025-03-25 13:35:41
CO-OP FOOD LIMITED,47110,12.3,9.8,35.6,20.4,37.1,41.3,43.1,56.9,40.4,59.6,48.7,51.3,59.8,40.2,5000-19,999,2024-10-28 11:12:27
ICELAND FOODS LIMITED,47110,15.7,13.0,44.1,26.7,44.6,48.9,36.3,63.7,39.8,60.2,45.4,54.6,62.8,37.2,1000-4999,2025-04-08 08:58:14
ALDI STORES LIMITED,47110,11.4,8.9,32.1,17.5,35.8,38.4,45.3,54.7,42.1,57.9,50.3,49.7,61.4,38.6,5000-19,999,2024-12-18 15:26:33
LIDL UK GMBH,47110,12.7,10.1,36.9,21.2,38.6,42.1,42.8,57.2,39.7,60.3,47.5,52.5,60.2,39.8,5000-19,999,2025-01-20 10:45:48