EmployerName,SicCodes,DiffMeanHourlyPercent,DiffMedianHourlyPercent,DiffMeanBonusPercent,DiffMedianBonusPercent,MaleBonusPercent,FemaleBonusPercent,MaleLowerQuartile,FemaleLowerQuartile,MaleLowerMiddleQuartile,FemaleLowerMiddleQuartile,MaleUpperMiddleQuartile,FemaleUpperMiddleQuartile,MaleTopQuartile,FemaleTopQuartile,EmployerSize,DateSubmitted
QuantumLeap Analytics Ltd,62020,14.7,11.2,45.3,22.1,38.5,41.2,42.0,58.0,35.5,64.5,48.0,52.0,62.0,38.0,250-499,2024-11-15 09:22:33
Thameside Manufacturing Group,25110,22.8,18.9,68.4,35.7,29.3,18.4,65.2,34.8,58.0,42.0,71.0,29.0,82.0,18.0,1000-4999,2025-01-07 14:55:12
BrightPath Care Services,86101,8.3,6.5,12.0,9.8,15.2,18.9,18.0,82.0,22.0,78.0,28.0,72.0,35.0,65.0,500-999,2024-12-03 11:30:45
Caledonian Energy Solutions,35110,26.4,21.7,78.9,42.3,61.5,49.2,45.0,55.0,52.0,48.0,68.0,32.0,79.0,21.0,1000-4999,2025-02-20 16:18:27
Nexus Financial Advisory,66199,32.1,28.5,82.7,48.9,73.8,68.1,38.0,62.0,44.0,56.0,58.0,42.0,71.0,29.0,250-499,2024-10-29 13:44:08
Meridian Retail Consortium,47110,11.9,9.8,25.6,15.2,22.1,28.5,31.0,69.0,29.0,71.0,36.0,64.0,48.0,52.0,5000-19,999,2025-03-11 10:07:55
Apex Construction Partners,41100,19.6,16.2,54.7,28.3,41.7,35.2,78.0,22.0,75.0,25.0,81.0,19.0,88.0,12.0,1000-4999,2024-09-18 08:33:21
Solent Health Trust,86102,5.2,3.8,8.5,6.1,11.3,14.7,21.0,79.0,24.0,76.0,30.0,70.0,38.0,62.0,20,000+,2025-04-01 12:15:39
TyneTech Software Solutions,62030,18.3,15.7,51.2,24.9,44.6,39.8,40.0,60.0,43.0,57.0,52.0,48.0,65.0,35.0,250-499,2024-11-26 15:48:52
Emerald Hospitality Group,55110,15.4,12.6,32.8,19.5,26.7,31.4,36.0,64.0,33.0,67.0,41.0,59.0,54.0,46.0,500-999,2025-01-19 09:55:17
Northern Arc Logistics,52242,21.7,18.1,62.5,33.8,35.9,28.7,69.0,31.0,64.0,36.0,73.0,27.0,81.0,19.0,1000-4999,2024-10-12 11:22:04
Pembroke Education Services,85310,13.2,10.4,28.9,16.7,19.5,24.3,24.0,76.0,27.0,73.0,34.0,66.0,45.0,55.0,500-999,2025-02-05 14:30:28
Crown Security Solutions,80100,24.5,20.8,71.3,38.6,48.2,41.5,72.0,28.0,68.0,32.0,75.0,25.0,84.0,16.0,250-499,2024-12-22 07:45:11
WestMid Legal Partnership,69101,29.8,25.3,76.4,44.2,68.7,62.9,34.0,66.0,38.0,62.0,51.0,49.0,67.0,33.0,250-499,2025-03-28 16:09:55
Silverline Telecoms,61100,16.9,14.1,38.7,21.4,31.6,36.2,43.0,57.0,39.0,61.0,48.0,52.0,63.0,37.0,1000-4999,2024-11-09 12:38:44
Yorkshire Green Energy,35140,23.1,19.4,65.8,36.2,44.3,37.1,58.0,42.0,62.0,38.0,70.0,30.0,78.0,22.0,500-999,2025-01-30 10:20:33
HarbourView Media Ltd,59111,20.6,17.2,55.9,30.1,39.4,34.7,46.0,54.0,49.0,51.0,58.0,42.0,69.0,31.0,250-499,2024-10-25 13:52:18
Gloucester Care Homes,87100,7.8,6.1,10.3,8.5,13.8,17.2,16.0,84.0,20.0,80.0,26.0,74.0,33.0,67.0,500-999,2025-02-14 09:11:07
MetroBridge Engineering,71111,25.3,21.8,73.6,40.7,56.9,48.3,63.0,37.0,66.0,34.0,74.0,26.0,83.0,17.0,1000-4999,2024-09-30 15:27:44
Lakeside Transport Co,49410,28.7,24.1,79.2,45.8,52.6,44.1,75.0,25.0,71.0,29.0,78.0,22.0,86.0,14.0,1000-4999,2025-03-17 11:44:29
Phoenix Insurance Brokers,65120,30.5,26.7,81.3,47.5,70.4,64.8,36.0,64.0,41.0,59.0,54.0,46.0,70.0,30.0,500-999,2024-11-03 08:58:12
Stratford Consulting Ltd,70229,19.2,16.5,48.3,25.7,37.2,32.9,42.0,58.0,45.0,55.0,53.0,47.0,66.0,34.0,250-499,2025-01-25 14:06:38
BrightFuture Academies,85200,9.4,7.6,15.8,12.1,17.5,21.8,22.0,78.0,25.0,75.0,31.0,69.0,40.0,60.0,5000-19,999,2024-12-18 10:33:51
RiverEdge Manufacturing,22220,24.8,20.5,69.7,37.4,47.8,40.2,67.0,33.0,63.0,37.0,72.0,28.0,80.0,20.0,1000-4999,2025-02-28 16:55:22
Oakleaf Pharmaceuticals,21100,17.5,14.8,42.1,23.6,33.9,38.4,39.0,61.0,42.0,58.0,51.0,49.0,64.0,36.0,500-999,2024-10-08 12:19:07
Pennine Property Services,68320,27.2,23.6,77.8,43.1,59.3,51.7,48.0,52.0,52.0,48.0,63.0,37.0,75.0,25.0,250-499,2025-03-22 09:47:33
Celtic Creative Agency,90030,12.6,9.9,27.4,15.8,24.1,28.7,35.0,65.0,32.0,68.0,40.0,60.0,53.0,47.0,250-499,2024-11-20 13:28:44
Beacon Medical Centres,86210,6.1,4.7,9.2,7.3,12.6,16.1,19.0,81.0,23.0,77.0,29.0,71.0,36.0,64.0,20,000+,2025-04-05 08:15:29
Trent Valley Farms,1110,15.7,13.2,33.5,18.9,28.4,32.1,44.0,56.0,41.0,59.0,49.0,51.0,62.0,38.0,250-499,2025-01-12 11:08:55
UrbanLink Broadband,61100,22.3,18.7,63.4,34.5,41.8,35.2,59.0,41.0,56.0,44.0,67.0,33.0,76.0,24.0,1000-4999,2024-10-31 15:41:22
Kingston Advisory Group,66220,31.2,27.8,83.1,49.6,72.5,67.3,33.0,67.0,37.0,63.0,50.0,50.0,68.0,32.0,250-499,2025-03-08 12:24:17
Coastal Cruises PLC,50100,18.9,15.1,46.8,24.2,35.7,31.5,47.0,53.0,44.0,56.0,55.0,45.0,67.0,33.0,500-999,2024-12-09 09:52:44
Peak District Housing,68100,14.3,11.7,31.2,17.4,26.8,30.5,30.0,70.0,33.0,67.0,39.0,61.0,50.0,50.0,1000-4999,2025-02-17 14:37:28
Ironbridge Steel Works,24100,26.9,22.3,74.5,41.2,54.7,46.1,70.0,30.0,67.0,33.0,76.0,24.0,82.0,18.0,1000-4999,2024-09-25 10:18:51
Merseybeat Entertainment,90020,16.8,13.9,35.6,20.3,29.1,33.8,38.0,62.0,35.0,65.0,43.0,57.0,58.0,42.0,250-499,2024-11-14 16:03:22
Highland Timber Co,27320,23.6,19.8,66.3,37.9,45.2,38.6,64.0,36.0,61.0,39.0,71.0,29.0,79.0,21.0,500-999,2025-01-21 11:29:45
Wessex Water Services,36000,12.4,9.6,24.7,14.1,21.3,25.9,33.0,67.0,30.0,70.0,38.0,62.0,49.0,51.0,5000-19,999,2024-12-30 08:44:17
Bristol Bay Hotels,55110,17.3,14.5,39.2,22.0,31.8,36.5,40.0,60.0,37.0,63.0,46.0,54.0,61.0,39.0,500-999,2025-02-09 13:51:38
Cambridge BioLabs,72110,15.9,13.1,36.8,19.6,28.7,33.1,37.0,63.0,40.0,60.0,47.0,53.0,60.0,40.0,250-499,2024-10-19 09:27:14
Derbyshire Police Authority,84210,10.2,8.1,18.5,11.3,16.4,20.7,25.0,75.0,28.0,72.0,34.0,66.0,43.0,57.0,5000-19,999,2025-03-03 15:16:29
Emerald Isle Ferries,50000,21.4,17.9,58.7,32.4,40.5,34.1,62.0,38.0,59.0,41.0,68.0,32.0,74.0,26.0,1000-4999,2024-11-27 11:42:55
Preston Council Services,84110,8.7,6.9,14.2,10.1,15.9,19.6,20.0,80.0,23.0,77.0,29.0,71.0,37.0,63.0,5000-19,999,2025-02-11 08:38:22
Surrey Hills Mining,7100,25.8,21.2,72.1,39.5,53.8,45.2,66.0,34.0,63.0,37.0,73.0,27.0,81.0,19.0,500-999,2024-10-14 14:09:47
NovaTech Robotics,62020,20.1,16.8,52.4,27.8,38.9,33.6,45.0,55.0,48.0,52.0,57.0,43.0,68.0,32.0,250-499,2025-03-15 12:53:11
Borderline Logistics,52290,24.2,20.6,68.9,37.2,46.7,39.4,65.0,35.0,62.0,38.0,71.0,29.0,78.0,22.0,1000-4999,2024-12-05 09:19:33
Lincoln Green Bank,64191,33.7,29.4,85.6,51.3,74.2,69.1,32.0,68.0,35.0,65.0,48.0,52.0,69.0,31.0,500-999,2025-01-31 16:48:22
Cornwall Airways,51101,27.5,23.1,76.3,42.7,57.1,49.8,61.0,39.0,58.0,42.0,69.0,31.0,77.0,23.0,1000-4999,2024-10-22 13:35:08
Midlands Waste Recycling,38110,19.7,16.3,47.5,25.9,36.2,32.1,49.0,51.0,46.0,54.0,56.0,44.0,67.0,33.0,500-999,2025-02-25 10:12:44
Beaconlight Insurance,65120,28.9,25.2,78.4,44.9,65.3,58.7,35.0,65.0,39.0,61.0,52.0,48.0,70.0,30.0,250-499,2024-11-08 15:27:19