EmployerName,SicCodes,DiffMeanHourlyPercent,DiffMedianHourlyPercent,DiffMeanBonusPercent,DiffMedianBonusPercent,MaleBonusPercent,FemaleBonusPercent,MaleLowerQuartile,FemaleLowerQuartile,MaleLowerMiddleQuartile,FemaleLowerMiddleQuartile,MaleUpperMiddleQuartile,FemaleUpperMiddleQuartile,MaleTopQuartile,FemaleTopQuartile,EmployerSize,DateSubmitted
BUTLER & BROTHERS LTD,64209,12.5,8.2,25.1,15.3,30.4,42.1,30.0,70.0,25.0,75.0,35.0,65.0,70.0,30.0,250-499,2025-03-28 09:12:45
GREAT BRITAIN TRADING CO.,49300,45.1,38.7,67.8,52.4,64.0,72.5,40.0,60.0,35.0,65.0,30.0,70.0,85.0,15.0,1000-4999,2025-04-01 17:33:21
LONDON BUILDERS GROUP,41200,35.8,29.5,58.9,22.0,50.3,59.1,25.0,75.0,35.0,65.0,40.0,60.0,65.0,35.0,500-999,2025-04-02 10:22:38
PENINSULA HEALTHCARE PLC,75130,5.1,1.9,18.0,12.4,15.0,22.5,45.0,55.0,35.0,65.0,30.0,70.0,75.0,25.0,1000-4999,2025-03-29 14:58:10
MOUNTAIN VIEW SERVICES,70200,22.0,18.6,40.2,31.8,28.4,39.0,32.0,68.0,28.0,72.0,40.0,60.0,55.0,45.0,250-499,2025-03-30 12:14:59
NEXUS CONSTRUCTION LTD.,41200,27.8,23.0,52.0,37.5,54.0,65.0,30.0,70.0,25.0,75.0,35.0,65.0,65.0,35.0,1000-4999,2025-04-03 15:10:41
KINGSMEAD FARMING GROUP,01200,13.2,9.1,33.3,19.4,40.0,50.0,45.0,55.0,35.0,65.0,30.0,70.0,65.0,35.0,500-999,2025-04-01 09:47:16
HARVEST ECONOMICS CONSULTANTS,74900,8.3,6.0,61.5,49.0,54.0,64.5,40.0,60.0,30.0,70.0,35.0,65.0,70.0,30.0,250-499,2025-03-28 11:26:33
TRENTON RETAIL SOLUTIONS,47910,19.4,15.3,38.9,15.9,20.7,44.1,35.0,65.0,30.0,70.0,30.0,70.0,60.0,40.0,500-999,2025-04-02 16:42:05
WESTMINSTER HOSPITALITY GROUP,56300,11.7,9.2,32.0,21.8,28.0,39.0,40.0,60.0,35.0,65.0,30.0,70.0,65.0,35.0,1000-4999,2025-04-03 10:09:22
BIRCHWOOD TECHNOLOGIES,62010,15.0,12.1,39.0,28.9,42.0,56.0,30.0,70.0,25.0,75.0,45.0,55.0,50.0,50.0,1000-4999,2025-03-29 15:56:40
SOUTHAMPTON REAL ESTATE,68100,17.8,14.2,43.2,20.0,40.0,63.5,30.0,70.0,25.0,75.0,40.0,60.0,55.0,45.0,1000-4999,2025-04-01 08:54:18
RIVERSIDE INDUSTRIES LIMITED,47800,14.5,10.8,25.0,20.5,30.0,50.5,35.0,65.0,30.0,70.0,35.0,65.0,60.0,40.0,250-499,2025-04-02 13:27:01
LIMEHOUSE MEDIA GROUP,58210,21.2,19.3,41.1,24.2,31.0,50.0,40.0,60.0,30.0,70.0,35.0,65.0,68.0,32.0,500-999,2025-03-31 11:38:47
VANGUARD FINANCIAL SERVICES,66220,26.8,21.0,49.5,38.5,35.0,58.0,30.0,70.0,35.0,65.0,35.0,65.0,60.0,40.0,1000-4999,2025-04-01 19:10:03
SHORELINE MANUFACTURING LTD,20900,19.7,17.2,40.9,28.7,34.0,60.0,30.0,70.0,20.0,80.0,40.0,60.0,55.0,45.0,500-999,2025-04-03 12:39:15
CLIFTON EDUCATION CENTRE,85310,6.0,4.3,10.5,5.0,20.0,30.5,50.0,50.0,30.0,70.0,35.0,65.0,60.0,40.0,250-499,2025-03-30 18:21:28
THAMES BANKING COMPANY,66220,30.1,23.5,65.0,52.2,68.0,80.0,35.0,65.0,30.0,70.0,35.0,65.0,70.0,30.0,1000-4999,2025-04-02 14:45:10
WELLINGTON ENGINEERING PL,35200,18.9,15.4,39.0,29.0,30.0,48.0,28.0,72.0,25.0,75.0,40.0,60.0,65.0,35.0,500-999,2025-04-01 07:05:36
STAFFORDSHIRE TRANSPORT SYSTEM,62010,24.0,19.8,45.5,28.3,32.0,53.0,30.0,70.0,25.0,75.0,35.0,65.0,62.0,38.0,500-999,2025-04-03 17:42:19
BROOKFIELD HEALTHCARE SOLUTIONS,75110,9.3,7.2,27.2,11.0,25.0,32.0,45.0,55.0,30.0,70.0,35.0,65.0,77.0,23.0,1000-4999,2025-03-28 16:11:35
SUNRISE BUSINESS SERVICES,70200,15.8,10.7,35.0,18.4,20.0,39.0,30.0,70.0,25.0,75.0,30.0,70.0,65.0,35.0,500-999,2025-04-02 09:43:51
LIVERPOOL LOGISTICS CO.,42100,22.5,18.9,40.3,30.1,32.0,45.0,40.0,60.0,25.0,75.0,35.0,65.0,65.0,35.0,1000-4999,2025-03-30 13:18:39
WEXFORD ELECTRONICS CO.,33900,38.2,32.1,59.8,39.9,48.0,65.0,35.0,65.0,30.0,70.0,30.0,70.0,62.0,38.0,250-499,2025-04-01 10:29:00
NORTHUMBERLAND AGRICULTURE,01200,13.5,9.4,25.1,12.2,20.0,37.5,45.0,55.0,35.0,65.0,30.0,70.0,65.0,35.0,500-999,2025-04-02 12:55:44
BRIDGEWATER CONSULTING GROUP,74900,12.4,9.0,36.5,19.2,25.0,45.0,35.0,65.0,30.0,70.0,35.0,65.0,60.0,40.0,500-999,2025-03-31 09:16:57
STANLEY CONSTRUCTION GROUP,41200,19.2,16.8,47.0,31.8,45.0,59.0,30.0,70.0,20.0,80.0,35.0,65.0,70.0,30.0,1000-4999,2025-04-03 11:37:12
LEEDS UNIVERSITY FOUNDATION,85310,7.9,6.4,14.2,8.1,22.0,31.0,45.0,55.0,30.0,70.0,35.0,65.0,70.0,30.0,500-999,2025-03-28 13:45:23
RIVERSIDE TECHNOLOGY SYSTEMS,62010,23.1,18.7,45.0,31.3,35.0,54.5,25.0,75.0,20.0,80.0,40.0,60.0,65.0,35.0,1000-4999,2025-04-01 16:01:02
AQUATIC MARINE SOLUTIONS,70200,19.1,14.8,41.3,22.7,26.0,48.0,30.0,70.0,25.0,75.0,35.0,65.0,65.0,35.0,250-499,2025-04-02 08:57:44
GLENCOE FASHION GROUP,47910,18.0,13.8,28.9,18.2,20.0,39.0,40.0,60.0,30.0,70.0,35.0,65.0,70.0,30.0,500-999,2025-03-29 11:24:37
FREEDOM MEDIA GROUP,58210,29.4,22.8,55.0,41.1,45.0,64.0,30.0,70.0,25.0,75.0,40.0,60.0,55.0,45.0,1000-4999,2025-04-03 10:49:22
HOLLYWOOD INSURANCE GROUP,66220,28.0,21.5,57.0,40.5,62.0,73.0,30.0,70.0,20.0,80.0,35.0,65.0,68.0,32.0,250-499,2025-03-30 14:15:08
OAKLEY FINANCIAL SERVICES,66220,16.7,11.2,28.0,22.0,25.0,42.0,40.0,60.0,30.0,70.0,35.0,65.0,65.0,35.0,500-999,2025-04-01 18:09:58
BAYLOR HEALTHCARE LIMITED,75130,11.3,9.5,25.0,14.4,20.0,28.0,45.0,55.0,35.0,65.0,30.0,70.0,70.0,30.0,1000-4999,2025-04-02 11:30:21
MIDDLETON MOTHERS DAY,49300,26.0,20.1,43.0,28.0,34.0,54.0,30.0,70.0,25.0,75.0,40.0,60.0,60.0,40.0,250-499,2025-03-28 12:28:13
GREAT ORMOND STREET HOSPITAL,75130,10.5,8.2,22.0,18.3,15.0,32.0,40.0,60.0,30.0,70.0,35.0,65.0,70.0,30.0,1000-4999,2025-04-01 20:33:11
HARBOUR TRANSPORT SYSTEM,62010,15.6,11.8,37.0,23.6,30.0,50.0,30.0,70.0,25.0,75.0,35.0,65.0,65.0,35.0,500-999,2025-03-31 13:41:44
CORNWALL TERRACE HOTEL,56300,14.2,10.3,42.0,30.0,37.0,63.0,30.0,70.0,25.0,75.0,40.0,60.0,65.0,35.0,250-499,2025-04-02 14:40:07
ROSEBANK TECHNOLOGY CO.,62010,14.8,12.7,39.0,23.0,40.0,52.0,30.0,70.0,30.0,70.0,35.0,65.0,65.0,35.0,500-999,2025-04-03 08:22:49
SANDY HILLS CONSTRUCTION,41200,25.1,21.3,53.0,32.0,45.0,55.0,35.0,65.0,25.0,75.0,40.0,60.0,55.0,45.0,1000-4999,2025-03-28 17:56:27
SOUTHWEST HEALTHCARE,75110,8.4,5.7,18.3,10.0,20.0,30.0,45.0,55.0,35.0,65.0,30.0,70.0,70.0,30.0,250-499,2025-04-01 09:50:19
SUNSET INVESTMENTS LTD,66220,25.5,21.1,42.0,31.0,40.0,60.0,25.0,75.0,20.0,80.0,40.0,60.0,65.0,35.0,1000-4999,2025-04-02 10:25:36
WILLOW COTTAGE GARDENS,49300,22.3,17.9,38.0,25.0,30.0,46.0,30.0,70.0,25.0,75.0,35.0,65.0,55.0,45.0,250-499,2025-03-30 15:58:03
WESTHAVEN SCHOOL,85310,6.7,5.0,13.0,8.0,20.0,32.0,45.0,55.0,30.0,70.0,35.0,65.0,70.0,30.0,500-999,2025-04-01 12:50:36
HILLTOP BUSINESS GROUP,70200,21.0,16.5,45.0,32.0,40.0,53.0,20.0,80.0,25.0,75.0,40.0,60.0,65.0,35.0,250-499,2025-03-28 14:18:25
SOUTHEND EDUCATION SYSTEM,85310,10.3,7.6,21.0,13.4,20.0,35.0,40.0,60.0,30.0,70.0,35.0,65.0,66.0,34.0,1000-4999,2025-04-01 15:44:18
LAVENDER FIELDS FARMING,01200,9.8,7.0,27.0,15.0,20.0,42.0,45.0,55.0,25.0,75.0,30.0,70.0,65.0,35.0,500-999,2025-04-03 11:39:04
NORTHEAST FASHION HOUSE,47910,18.7,14.2,45.0,26.4,40.0,53.0,30.0,70.0,25.0,75.0,35.0,65.0,60.0,40.0,500-999,2025-03-30 16:18:55
LONDON LUXURY RETAIL,47910,24.8,19.9,52.0,35.0,55.0,67.0,30.0,70.0,20.0,80.0,35.0,65.0,70.0,30.0,1000-4999,2025-04-02 17:32:08
NORTHGATE TECHNOLOGY,62010,13.0,9.3,36.0,27.0,30.0,45.0,30.0,70.0,25.0,75.0,35.0,65.0,60.0,40.0,250-499,2025-03-28 10:41:59
WILDWOOD RESOURCES GROUP,64209,20.1,15.8,41.0,28.5,41.0,53.0,30.0,70.0,25.0,75.0,35.0,65.0,65.0,35.0,500-999,2025-04-03 12:36:20
WESTERN RAILWAY SERVICES,49300,27.5,20.1,48.0,34.8,50.0,55.0,30.0,70.0,25.0,75.0,40.0,60.0,62.0,38.0,1000-4999,2025-04-01 19:29:38
SOUTHBOUND SHIPPING LTD,49300,18.2,13.7,34.0,26.0,25.0,57.0,40.0,60.0,30.0,70.0,35.0,65.0,65.0,35.0,500-999,2025-03-29 10:23:45
TOWER HILL MANUFACTURING,20900,22.9,18.6,43.0,31.0,48.0,57.0,30.0,70.0,25.0,75.0,35.0,65.0,65.0,35.0,500-999,2025-04-02 13:51:56
TREESVILLE SCHOOL,85310,6.1,4.8,11.0,7.5,18.0,27.0,50.0,50.0,30.0,70.0,35.0,65.0,70.0,30.0,250-499,2025-04-02 15:53:32
NAGASAKI FOOD SERVICES,47910,15.5,10.9,32.0,22.1,30.0,45.0,30.0,70.0,25.0,75.0,35.0,65.0,65.0,35.0,500-999,2025-04-03 16:41:25