2024,12054,GA,13121.0,13121010529.0,FHA:First Lien,Single Family (1-4 Units):Site-Built,Not Hispanic or Latino,Black,Male,1,1,300000.0,,7.25,1.25,3,12000.0,8000.0,5000.0,0.0,15000.0,360,0,0,0,0,1,1,3,5,1,1,100.0,1,1,3,5,1,1,275000.0,1,1,1,1,1,1,50.0,50.0,4,4,5,5,3,3,75-84,75-84,No,,1,1,2,2,30,30,9999,9999,Yes,1,1
2024,25030,NY,36061.0,36061007720.0,Conventional:First Lien,Single Family (1-4 Units):Site-Built,Hispanic or Latino,Hispanic or Latino,Female,1,1,450000.0,,6.5,1.0,3,25000.0,10000.0,8000.0,2000.0,12000.0,360,0,0,0,0,1,1,3,5,1,1,108.0,1,1,3,5,1,1,350000.0,1,1,1,1,1,1,60.0,60.0,3,3,4,4,2,2,70-79,70-79,No,,1,1,3,3,35,35,9999,9999,Yes,1,1
2024,31085,IL,17031.0,17031021640.0,Conventional:Second Lien,Multi-Family (5+ Units):Site-Built,Not Hispanic or Latino,White,Male,2,1,120000.0,,8.25,2.0,3,6000.0,4000.0,2000.0,0.0,4000.0,180,0,0,0,0,1,1,3,5,1,1,96.0,1,1,3,5,1,1,200000.0,1,1,1,1,1,1,65.0,65.0,2,2,3,3,1,1,65-74,65-74Yes,,1,1,2,2,25,25,9999,9999,No,,2,2
2024,11001,NJ,34003.0,34003000001.0,FHA:First Lien,Single Family (1-4 Units):Site-Built,Not Hispanic or Latino,White,Female,4,3,280000.0,,5.75,0.75,3,17500.0,5000.0,10000.0,2500.0,5000.0,240,1,1,0,0,1,1,3,5,1,1,108.0,1,1,3,5,1,1,290000.0,1,1,1,1,1,1,55.0,55.0,4,4,6,6,1,1,60-69,60-69,Yes,,1,1,2,2,40,40,9999,9999,No,,1,1
2024,53053,WA,53033.0,53033000371.0,Conventional:First Lien,Single Family (1-4 Units):Site-Built,Hispanic or Latino,White,Female,1,1,360000.0,,7.0,1.5,2,22000.0,6000.0,11000.0,3000.0,6000.0,480,0,0,0,0,1,1,5,5,1,1,112.0,1,1,3,1,1,1,380000.0,1,1,1,1,1,1,70.0,70.0,1,1,4,4,2,2,70-79,70-79,No,,1,1,2,2,28,28,9999,9999,Yes,1,1
2024,44001,RI,44001002407.0,FHA:First Lien,Single Family (1-4 Units):Site-Built,Hispanic or Latino,Hispanic or Latino,Male,1,1,500000.0,,6.25,1.0,3,30000.0,12000.0,15000.0,3000.0,10000.0,360,0,0,0,0,1,1,3,5,1,1,102.0,1,1,3,5,1,1,600000.0,1,1,3,3,1,1,47.0,47.0,3,3,3,3,5,5,75-84,75-84,No,,1,1,2,2,42,42,9999,9999,Yes,2,2
2024,24033,MD,24003.0,24003020007.0,Conventional:First Lien,Single Family (1-4 Units):Site-Built,Hispanic or Latino,Asian,Male,5,4,320000.0,,6.75,1.25,3,18000.0,9000.0,3000.0,6000.0,9000.0,240,1,1,0,1,1,1,3,5,1,1,105.0,1,1,3,5,1,1,420000.0,1,1,1,1,1,1,58.0,58.0,3,3,4,4,2,2,60-69,60-69,Yes,,1,1,2,2,30,30,9999,9999,No,,2,2
2024,06075,CA,06037.0,06037020397.0,Va:First Lien,Single Family (1-4 Units):Site-Built,Not Hispanic or Latino,White,Female,1,1,400000.0,,7.5,1.5,3,18000.0,7000.0,6000.0,5000.0,12000.0,240,0,0,0,0,1,1,3,5,1,1,108.0,1,1,3,5,1,1,480000.0,1,1,1,1,1,1,61.0,61.0,3,3,4,4,3,3,75-84,75-84,No,,1,1,3,3,36,36,9999,9999,Yes,1,1
2024,20135,KS,20079.0,20079000000.0,FHA:First Lien,Single Family (1-4 Units):Site-Built,Not Hispanic or Latino,White,Female,1,1,200000.0,,7.0,1.0,3,13000.0,5000.0,5000.0,3000.0,8000.0,360,0,0,0,0,1,1,3,5,1,1,100.0,1,1,3,5,1,1,250000.0,1,1,1,1,1,1,62.0,62.0,4,4,4,4,3,3,75-84,75-84,Yes,,1,1,2,2,33,33,9999,9999,No,,1,1
2024,13215,GA,13013.0,13013020100.0,Conventional:First Lien,Single Family (1-4 Units):Site-Built,Hispanic or Latino,Other,Female,1,1,380000.0,,6.0,0.5,3,21000.0,10000.0,5000.0,6000.0,5000.0,240,1,1,0,0,1,1,1,5,1,1,110.0,1,1,3,3,1,1,385000.0,1,1,1,1,1,1,58.0,58.0,2,2,3,3,4,4,60-69,60-69,Yes,,1,1,3,3,37,37,9999,9999,Yes,1,1
2024,13209,GA,13013.0,13013020600.0,FHA:First Lien,Single Family (1-4 Units):Site-Built,Not Hispanic or Latino,White,Female,1,1,450000.0,,5.5,0.25,3,16000.0,7000.0,10000.0,2000.0,9000.0,180,0,0,0,0,1,1,3,5,1,1,100.0,1,1,3,5,1,1,480000.0,1,1,1,1,1,1,56.0,56.0,3,3,3,3,4,4,65-74,65-74,Yes,,1,1,2,2,34,34,9999,9999,No,,2,2
2024,42129,PA,42129000000.0,18000.0,Conventional:First Lien,Single Family (1-4 Units):Site-Built,Not Hispanic or Latino,White,Couple,1,1,340000.0,,6.5,1.25,3,14000.0,8000.0,5000.0,10000.0,8000.0,360,0,0,0,0,1,1,3,5,1,1,115.0,1,1,3,5,1,1,400000.0,1,1,1,1,1,1,55.0,55.0,3,3,4,4,2,2,50-59,50-59,No,,1,1,2,2,32,32,9999,9999,No,,1,1
2024,51059,VA,51059000001.0,FHA:First Lien,Single Family (1-4 Units):Site-Built,Not Hispanic or Latino,Black,Female,1,1,250000.0,,6.75,1.5,3,14000.0,4000.0,9000.0,1500.0,8000.0,240,1,1,0,0,1,1,3,5,1,1,100.0,1,1,3,5,1,1,280000.0,1,1,1,1,1,1,61.0,61.0,3,3,4,4,5,5,65-74,65-74,Yes,,1,1,2,2,30,30,9999,9999,No,,2,2
2024,20019,KS,20117.0,20117000000.0,Conventional:First Lien,Single Family (1-4 Units):Site-Built,Ethnicity Not Available,Race Not Available,Sex Not Available,1,1,300000.0,,5.75,0.75,2,12000.0,4000.0,8000.0,1000.0,5000.0,240,1,0,0,0,1,1,3,5,1,1,110.0,1,1,3,5,1,1,320000.0,1,1,1,1,1,1,60.0,60.0,5,5,5,5,3,3,65-74,65-74,Yes,,1,1,3,3,36,36,9999,9999,No,,1,1
2024,23001,ME,23001001001.0,Conventional:First Lien,Single Family (1-4 Units):Site-Built,Not Hispanic or Latino,White,Male,1,1,325000.0,,5.25,0.5,3,13000.0,6000.0,5000.0,2000.0,3000.0,360,0,0,0,0,1,1,3,5,1,1,105.0,1,1,3,5,1,1,350000.0,1,1,1,1,1,1,55.0,55.0,4,4,4,4,2,2,70-79,70-79,Yes,,1,1,2,2,44,44,9999,9999,No,,1,1
2024,13119,GA,13119000001.0,FHA:First Lien,Single Family (1-4 Units):Site-Built,Not Hispanic or Latino,White,Female,1,1,275000.0,,6.25,1.25,3,16000.0,7000.0,4000.0,3000.0,6000.0,300,0,0,0,0,1,1,3,5,1,1,108.0,1,1,3,5,1,1,300000.0,1,1,1,1,1,1,58.0,58.0,2,2,3,3,2,2,65-74,65-74,Yes,,1,1,2,2,35,35,9999,9999,No,,2,2
2024,51061,VA,51061000001.0,Conventional:First Lien,Single Family (1-4 Units):Site-Built,Not Hispanic or Latino,White,Female,1,1,425000.0,,6.25,1.0,3,20000.0,6000.0,6000.0,8000.0,5000.0,240,0,0,0,0,1,1,3,5,1,1,102.0,1,1,3,5,1,1,450000.0,1,1,1,1,1,1,64.0,64.0,3,3,4,4,4,4,60-69,60-69,Yes,,1,1,2,2,34,34,9999,9999,Yes,2,2
2024,50003,VT,50003001001.0,FHA:First Lien,Single Family (1-4 Units):Site-Built,Hispanic or Latino,Hispanic or Latino,Male,1,1,300000.0,,6.0,0.75,3,13000.0,5000.0,5000.0,3000.0,7000.0,240,0,0,0,0,1,1,3,5,1,1,105.0,1,1,3,5,1,1,380000.0,1,1,2,2,1,1,58.0,58.0,4,4,5,5,6,6,65-74,65-74,No,,1,1,2,2,30,30,9999,9999,Yes,1,1
2024,21033,KY,21033000001.0,Conventional:First Lien,Single Family (1-4 Units):Site-Built,Not Hispanic or Latino,White,Female,3,1,375000.0,,5.75,0.5,3,14000.0,8000.0,6000.0,2000.0,3000.0,240,1,0,0,0,1,1,3,5,1,1,110.0,1,1,3,5,1,1,400000.0,1,1,1,1,1,1,60.0,60.0,4,4,4,4,5,5,60-69,60-69,No,,1,1,2,2,25,25,9999,9999,Yes,,1,1
2024,48275,TX,48275000001.0,FHA:First Lien,Single Family (1-4 Units):Site-Built,Ethnicity Not Available,Race Not Available,Sex Not Available,2,1,280000.0,,5.5,0.5,3,13000.0,6000.0,5000.0,2000.0,5000.0,360,0,0,0,0,1,1,3,5,1,1,100.0,1,1,3,5,1,1,310000.0,1,1,1,1,1,1,58.0,58.0,3,3,2,2,2,2,75-84,75-84,Yes,,1,1,2,2,34,34,9999,9999,No,,2,2
2024,36047,NY,36047010001.0,Conventional:First Lien,Single Family (1-4 Units):Site-Built,Not Hispanic or Latino,White,Female,1,1,420000.0,,7.0,1.0,3,17000.0,8000.0,5000.0,4000.0,6000.0,360,0,0,0,0,1,1,3,5,1,1,120.0,1,1,3,5,1,1,450000.0,1,1,1,1,1,1,70.0,70.0,4,4,3,3,5,5,65-74,65-74,No,,1,1,2,2,32,32,9999,9999,Yes,1,1
2024,31073,NE,31073000100.0,FHA:First Lien,Single Family (1-4 Units):Site-Built,Not Hispanic or Latino,White,Male,1,1,330000.0,,5.5,1.25,3,13000.0,5000.0,6000.0,2000.0,6000.0,360,0,0,0,0,1,1,3,5,1,1,105.0,1,1,3,5,1,1,400000.0,1,1,1,1,1,1,60.0,60.0,4,4,3,3,3,3,70-79,70-79,Yes,,1,1,2,2,42,42,9999,9999,No,,1,1
2024,13103,GA,13103000001.0,Conventional:First Lien,Single Family (1-4 Units):Site-Built,Not Hispanic or Latino,White,Male,1,1,360000.0,,6.25,1.25,3,17000.0,8000.0,3000.0,5000.0,10000.0,240,0,0,0,0,1,1,3,5,1,1,120.0,1,1,3,5,1,1,450000.0,1,1,1,1,1,1,65.0,65.0,2,2,3,3,2,2,70-79,70-79,Yes,,1,1,2,2,32,32,9999,9999,Yes,,1,1
2024,31097,NE,31097000001.0,FHA:First Lien,Multi-Family (5+ Units):Site-Built,Not Hispanic or Latino,White,Male,1,1,320000.0,,6.10,1.25,3,13000.0,4000.0,6000.0,3000.0,7000.0,240,1,0,0,0,1,1,3,5,1,1,110.0,1,1,3,5,1,1,350000.0,1,1,1,1,1,1,45.0,45.0,4,4,5,5,2,2,60-69,60-69,Yes,,1,1,2,2,32,32,9999,9999,No,,1,1
2024,06035,CA,06035010101.0,Conventional:First Lien,Single Family (1-4 Units):Site-Built,Not Hispanic or Latino,White,Female,1,1,390000.0,,5.5,1.0,3,18000.0,7000.0,6000.0,5000.0,8000.0,360,0,0,0,0,1,1,3,5,1,1,110.0,1,1,3,5,1,1,410000.0,1,1,1,1,1,1,52.0,52.0,3,3,4,4,2,2,60-69,60-69,No,,1,1,2,2,35,35,9999,9999,Yes,,1,1
2024,26055,MI,26055000001.0,FHA:First Lien,Single Family (1-4 Units):Site-Built,Not Hispanic or Latino,White,Female,1,1,315000.0,,5.75,0.75,3,14000.0,4000.0,5000.0,3000.0,6000.0,240,0,0,0,0,1,1,3,5,1,1,100.0,1,1,3,5,1,1,380000.0,1,1,1,1,1,1,56.0,56.0,5,5,6,6,5,5,75-84,75-84,Yes,,1,1,2,2,32,32,9999,9999,No,,3,3
2024,31109,NE,31109000001.0,FHA:First Lien,Single Family (1-4 Units):Site-Built,Not Hispanic or Latino,White,Male,1,1,365000.0,,5.75,0.5,3,16000.0,5000.0,8000.0,3000.0,5000.0,360,0,0,0,0,1,1,3,5,1,1,105.0,1,1,3,5,1,1,400000.0,1,1,1,1,1,1,58.0,58.0,4,4,3,3,2,2,65-74,65-74,No,,1,1,2,2,31,31,9999,9999,Yes,1,1
2024,18061,IN,18061000001.0,Conventional:First Lien,Single Family (1-4 Units):Site-Built,Not Hispanic or Latino,White,Male,1,1,330000.0,,6.0,1.25,3,16000.0,6000.0,6000.0,4000.0,8000.0,360,0,0,0,0,1,1,3,5,1,1,108.0,1,1,3,5,1,1,370000.0,1,1,1,1,1,1,56.0,56.0,2,2,4,4,3,3,70-79,70-79,Yes,,1,1,2,2,35,35,9999,9999,Yes,,1,1
2024,45055,SC,45055000001.0,FHA:First Lien,Single Family (1-4 Units):Site-Built,Not Hispanic or Latino,White,Male,1,1,380000.0,,5.75,1.0,3,20000.0,8000.0,8000.0,4000.0,10000.0,360,0,0,0,0,1,1,3,5,1,1,105.0,1,1,3,5,1,1,400000.0,1,1,1,1,1,1,62.0,62.0,3,3,4,4,5,5,75-84,75-84,Yes,,1,1,2,2,29,29,9999,9999,No,,1,1
2024,48397,TX,48397000001.0,Conventional:First Lien,Single Family (1-4 Units):Site-Built,Hispanic or Latino,Hispanic or Latino,Male,1,1,450000.0,,6.25,1.5,3,22000.0,10000.0,7000.0,5000.0,9000.0,240,0,0,0,0,1,1,3,5,1,1,110.0,1,1,3,5,1,1,500000.0,1,1,2,2,1,1,60.0,60.0,2,2,3,3,5,5,60-69,60-69,Yes,,1,1,2,2,36,36,9999,9999,Yes,1,1
2024,42083,PA,42083000001.0,FHA:First Lien,Single Family (1-4 Units):Site-Built,Hispanic or Latino,Hispanic or Latino,Female,1,1,390000.0,,6.5,1.0,3,13000.0,6000.0,4000.0,3000.0,7000.0,360,0,0,0,0,1,1,3,5,1,1,108.0,1,1,3,5,1,1,450000.0,1,1,0,0,1,1,56.0,56.0,5,5,6,6,1,1,70-79,70-79,Yes,,1,1,3,3,32,32,9999,9999,No,,1,1
2024,37127,NC,37127000001.0,FHA:First Lien,Single Family (1-4 Units):Site-Built,Not Hispanic or Latino,White,Male,1,1,350000.0,,6.25,1.25,3,16000.0,6000.0,6000.0,4000.0,6000.0,360,0,0,0,0,1,1,3,5,1,1,105.0,1,1,3,5,1,1,450000.0,1,1,1,1,1,1,65.0,65.0,2,2,3,3,4,4,65-74,65-74,Yes,,1,1,2,2,30,30,9999,9999,No,,2,2
2024,08059,CO,08059000001.0,FHA:First Lien,Single Family (1-4 Units):Site-Built,Not Hispanic or Latino,White,Female,1,1,295000.0,,5.5,0.75,3,15000.0,4000.0,5000.0,2000.0,7000.0,360,0,0,0,0,1,1,3,5,1,1,100.0,1,1,3,5,1,1,310000.0,1,1,1,1,1,1,58.0,58.0,3,3,4,4,5,5,60-69,60-69,No,,1,1,2,2,25,25,9999,9999,Yes,,1,1
2024,17165,IL,17165000001.0,VA:First Lien,Single Family (1-4 Units):Site-Built,Not Hispanic or Latino,White,Female,1,1,395000.0,,5.25,1.0,3,19000.0,4000.0,900