2024,99999,FL,12010.0,12010010100.0,FHA:First Lien,Single Family (1-4 Units):Site-Built,Not Hispanic or Latino,Black,Male,Loan funded,1,300000.0,75.0,6.5,2.0,2,12000.0,15000.0,5000.0,3000.0,1200.0,360,360,2,2,2,2,350000.0,1,1,1,1,1,1,65.0,35.0,1,1,1,1,1,1,1,1,3,3,3,3,3,3,3,3,3,3,3,3,3,3,3,3,3,3,3,3,3,3,3,3
2024,99999,NY,36005.0,36005040600.0,Conventional:First Lien,Single Family (1-4 Units):Site-Built,Hispanic or Latino,White,Female,Loan funded,1,200000.0,80.5,5.25,1.5,1,8000.0,10000.0,3000.0,2000.0,800.0,300,300,2,2,2,2,225000.0,1,1,2,2,2,2,35.0,40.0,1,1,1,1,1,1,1,1,3,3,3,3,3,3,3,3,3,3,3,3,3,3,3,3,3,3,3,3,3,3,3,3
2024,11580,CA,06037.0,06037021300.0,Conventional:Second Lien,Single Family (1-4 Units):Site-Built,Not Hispanic or Latino,Asian,Male,Application withdrawn by applicant,1,150000.0,90.0,6.75,3.0,1,5000.0,6000.0,2000.0,1500.0,500.0,240,240,2,2,2,2,175000.0,1,1,4,4,4,4,40.0,50.0,1,1,1,1,1,1,1,1,3,3,3,3,3,3,3,3,3,3,3,3,3,3,3,3,3,3,3,3,3,3,3,3
2024,49245,TX,48201.0,48201010700.0,VA:First Lien,Single Family (1-4 Units):Site-Built,Not Hispanic or Latino,White,Male,Loan funded,2,275000.0,72.5,5.75,2.25,2,10000.0,12000.0,4000.0,2500.0,750.0,360,360,2,2,2,2,300000.0,1,1,1,1,1,1,30.0,35.0,1,1,1,1,1,1,1,1,3,3,3,3,3,3,3,3,3,3,3,3,3,3,3,3,3,3,3,3,3,3,3,3
2024,99999,IL,17005.0,17005000200.0,FHA:First Lien,Single Family (1-4 Units):Site-Built,Ethnicity Not Available,Race Not Available,Sex Not Available,Loan funded,1,375000.0,82.5,7.0,2.5,2,13000.0,15500.0,5500.0,3500.0,800.0,300,300,2,2,2,2,425000.0,1,1,2,2,2,2,35.0,40.0,1,1,1,1,1,1,1,1,4,4,4,4,4,4,4,4,4,4,4,4,4,4,4,4,4,4,4,4,4,4,4,4
2024,99999,OH,39035.0,39035010300.0,VA:First Lien,Single Family (1-4 Units):Site-Built,Ethnicity Not Available,Race Not Available,Sex Not Available,Application denied,3,500000.0,,,7.25,3,18000.0,20000.0,6500.0,4500.0,1000.0,360,360,2,2,2,2,550000.0,1,1,3,3,3,3,28.0,30.0,1,1,1,1,1,1,1,1,2,2,2,2,2,2,2,2,2,2,2,2,2,2,2,2,2,2,2,2,2,2,2,2
2024,99999,WA,53033.0,53033020100.0,Conventional:First Lien,Single Family (1-4 Units):Site-Built,Hungarian,Caucasian,Male,Loan funded,2,100000.0,80.0,5.5,1.75,1,6000.0,8000.0,2500.0,1800.0,500.0,300,300,2,2,2,2,125000.0,1,1,1,1,1,1,40.0,45.0,1,1,1,1,1,1,1,1,3,3,3,3,3,3,3,3,3,3,3,3,3,3,3,3,3,3,3,3,3,3,3,3
2024,99999,VA,51025.0,51025010200.0,FHA:First Lien,Single Family (1-4 Units):Site-Built,Hispanic or Latino,White,Female,Preapproval request denied,1,180000.0,75.0,6.25,2.0,2,7500.0,9000.0,3000.0,2000.0,600.0,240,240,2,2,2,2,200000.0,1,1,2,2,2,2,38.0,42.0,1,1,1,1,1,1,1,1,2,2,2,2,2,2,2,2,2,2,2,2,2,2,2,2,2,2,2,2,2,2,2,2
2024,99999,MI,26075.0,26075050300.0,VA:First Lien,Single Family (1-4 Units):Site-Built,Ethnicity Not Available,Race Not Available,Sex Not Available,Loan funded,1,240000.0,82.5,6.5,1.875,2,9000.0,11000.0,4000.0,3000.0,700.0,360,360,2,2,2,2,275000.0,1,1,3,3,3,3,32.0,38.0,1,1,1,1,1,1,1,1,5,5,5,5,5,5,5,5,5,5,5,5,5,5,5,5,5,5,5,5,5,5,5,5
2024,17295,PA,42041.0,42041001000.0,FHA:First Lien,Single Family (1-4 Units):Site-Built,Not Hispanic or Latino,White,Female,Loan funded,1,225000.0,80.0,5.875,1.75,2,7000.0,8500.0,3000.0,1800.0,600.0,360,360,2,2,2,2,250000.0,1,1,2,2,2,2,30.0,40.0,1,1,1,1,1,1,1,1,3,3,3,3,3,3,3,3,3,3,3,3,3,3,3,3,3,3,3,3,3,3,3,3
2024,99999,NJ,34003.0,34003041000.0,Conventional:First Lien,Single Family (1-4 Units):Site-Built,Not Hispanic or Latino,White,Male,Loan approved but not accepted,1,287500.0,77.5,6.0,2.0,2,9500.0,11500.0,4000.0,3000.0,750.0,360,360,2,2,2,2,320000.0,1,1,3,3,3,3,50.0,55.0,1,1,1,1,1,1,1,1,3,3,3,3,3,3,3,3,3,3,3,3,3,3,3,3,3,3,3,3,3,3,3,3
2024,99999,NC,37071.0,37071011300.0,FHA:First Lien,Single Family (1-4 Units):Site-Built,Not Hispanic or Latino,Black,Male,Loan funded,2,125000.0,85.0,7.25,3.0,2,5000.0,6000.0,2000.0,1500.0,400.0,240,240,2,2,2,2,140000.0,1,1,1,1,1,1,29.0,32.0,1,1,1,1,1,1,1,1,2,2,2,2,2,2,2,2,2,2,2,2,2,2,2,2,2,2,2,2,2,2,2,2
2024,99999,MD,24027.0,24027040100.0,Conventional:First Lien,Single Family (1-4 Units):Site-Built,Ethnicity Not Available,Race Not Available,Sex Not Available,Loan funded,3,350000.0,70.0,5.75,2.0,1,10000.0,12500.0,4500.0,3000.0,600.0,300,300,2,2,2,2,390000.0,1,1,1,1,1,1,33.0,37.0,1,1,1,1,1,1,1,1,3,3,3,3,3,3,3,3,3,3,3,3,3,3,3,3,3,3,3,3,3,3,3,3
2024,15470,SC,45035.0,45035050600.0,VA:First Lien,Single Family (1-4 Units):Site-Built,Not Hispanic or Latino,White,Female,Loan funded,2,200000.0,80.0,6.5,2.5,1,8000.0,9500.0,3200.0,2500.0,600.0,360,360,2,2,2,2,225000.0,1,1,2,2,2,2,34.0,36.0,1,1,1,1,1,1,1,1,3,3,3,3,3,3,3,3,3,3,3,3,3,3,3,3,3,3,3,3,3,3,3,3
2024,99999,MO,29031.0,29031040300.0,Conventional:Second Lien,Single Family (1-4 Units):Site-Built,Not Hispanic or Latino,White,Male,Application denied,3,225000.0,90.0,7.0,3.0,1,6500.0,8000.0,3000.0,1750.0,400.0,300,300,2,2,2,2,250000.0,1,1,3,3,3,3,32.0,38.0,1,1,1,1,1,1,1,1,2,2,2,2,2,2,2,2,2,2,2,2,2,2,2,2,2,2,2,2,2,2,2,2
2024,99999,GA,13005.0,13005990400.0,FHA:First Lien,Single Family (1-4 Units):Site-Built,Hungarian,Caucasian,Female,Loan approved but not accepted,1,400000.0,82.5,6.25,1.875,2,14500.0,17000.0,5500.0,4500.0,1000.0,360,360,2,2,2,2,440000.0,1,1,1,1,1,1,45.0,52.0,1,1,1,1,1,1,1,1,3,3,3,3,3,3,3,3,3,3,3,3,3,3,3,3,3,3,3,3,3,3,3,3
2024,99999,NH,33015.0,33015020100.0,Conventional:First Lien,Single Family (1-4 Units):Site-Built,Not Hispanic or Latino,White,Male,Preapproval request denied,2,150000.0,72.5,6.0,2.0,1,5000.0,6500.0,2000.0,1500.0,400.0,240,240,2,2,2,2,175000.0,1,1,2,2,2,2,36.0,45.0,1,1,1,1,1,1,1,1,2,2,2,2,2,2,2,2,2,2,2,2,2,2,2,2,2,2,2,2,2,2,2,2
2024,99999,WV,54003.0,54003970000.0,VA:First Lien,Single Family (1-4 Units):Site-Built,Not Hispanic or Latino,White,Male,Loan funded,1,425000.0,75.0,5.75,1.75,1,11000.0,13000.0,4500.0,3000.0,700.0,360,360,2,2,2,2,465000.0,1,1,1,1,1,1,41.0,47.0,1,1,1,1,1,1,1,1,3,3,3,3,3,3,3,3,3,3,3,3,3,3,3,3,3,3,3,3,3,3,3,3
2024,99999,KS,20013.0,20013080700.0,FHA:First Lien,Single Family (1-4 Units):Site-Built,"Not Hispanic or Latino",White,Female,Loan funded,3,150000.0,82.5,7.25,2.25,2,6000.0,7500.0,2500.0,1800.0,600.0,240,240,2,2,2,2,170000.0,1,1,1,1,1,1,31.0,33.0,1,1,1,1,1,1,1,1,3,3,3,3,3,3,3,3,3,3,3,3,3,3,3,3,3,3,3,3,3,3,3,3
2024,99999,VT,50001.0,50001960000.0,Conventional:First Lien,Single Family (1-4 Units):Site-Built,Not Hispanic or Latino,White,Male,Loan funded,1,375000.0,75.0,6.25,1.875,2,12000.0,14000.0,5000.0,4500.0,900.0,360,360,2,2,2,2,410000.0,1,1,2,2,2,2,39.0,44.0,1,1,1,1,1,1,1,1,3,3,3,3,3,3,3,3,3,3,3,3,3,3,3,3,3,3,3,3,3,3,3,3
2024,99999,AZ,04001.0,04001990100.0,FHA:First Lien,Single Family (1-4 Units):Site-Built,Ethnicity Not Available,Race Not Available,Sex Not Available,Loan funded,2,225000.0,82.5,6.75,2.5,2,8000.0,9500.0,3000.0,2000.0,600.0,360,360,2,2,2,2,250000.0,1,1,1,1,1,1,30.0,35.0,1,1,1,1,1,1,1,1,4,4,4,4,4,4,4,4,4,4,4,4,4,4,4,4,4,4,4,4,4,4,4,4
2024,99999,DE,10003.0,10003000300.0,FHA:First Lien,Single Family (1-4 Units):Site-Built,Not Hispanic or Latino,White,Male,Application withdrawn by applicant,1,175000.0,75.0,5.25,2.0,1,6000.0,7500.0,2500.0,1500.0,500.0,240,240,2,2,2,2,200000.0,1,1,1,1,1,1,35.0,40.0,1,1,1,1,1,1,1,1,2,2,2,2,2,2,2,2,2,2,2,2,2,2,2,2,2,2,2,2,2,2,2,2
2024,99999,OK,40065.0,40065020100.0,Conventional:Second Lien,Single Family (1-4 Units):Site-Built,Not Hispanic or Latino,White,Female,Loan funded,1,325000.0,80.0,6.25,1.875,2,10000.0,12500.0,4000.0,3000.0,750.0,360,360,2,2,2,2,350000.0,1,1,2,2,2,2,34.0,42.0,1,1,1,1,1,1,1,1,3,3,3,3,3,3,3,3,3,3,3,3,3,3,3,3,3,3,3,3,3,3,3,3
2024,99999,AR,05045.0,05045050900.0,FHA:First Lien,Single Family (1-4 Units):Site-Built,Hispanic or Latino,White,Male,Loan funded,1,250000.0,82.5,7.0,2.5,1,8000.0,9500.0,3000.0,2000.0,600.0,240,240,2,2,2,2,275000.0,1,1,2,2,2,2,36.0,40.0,1,1,1,1,1,1,1,1,2,2,2,2,2,2,2,2,2,2,2,2,2,2,2,2,2,2,2,2,2,2,2,2
2024,99999,LA,22051.0,22051020100.0,Conventional:First Lien,Single Family (1-4 Units):Site-Built,Not Hispanic or Latino,Black,Female,Loan funded,2,180000.0,80.0,5.75,1.75,1,6500.0,8000.0,3000.0,1500.0,600.0,300,300,2,2,2,2,200000.0,1,1,1,1,1,1,31.0,38.0,1,1,1,1,1,1,1,1,2,2,2,2,2,2,2,2,2,2,2,2,2,2,2,2,2,2,2,2,2,2,2,2
2024,99999,IN,18005.0,18005020100.0,FHA:First Lien,Single Family (1-4 Units):Site-Built,Not Hispanic or Latino,White,Male,Loan approved but not accepted,1,400000.0,75.0,6.5,2.0,2,12500.0,14000.0,5000.0,3500.0,700.0,360,360,2,2,2,2,450000.0,1,1,2,2,2,2,32.0,38.0,1,1,1,1,1,1,1,1,2,2,2,2,2,2,2,2,2,2,2,2,2,2,2,2,2,2,2,2,2,2,2,2
2024,99999,ID,16023.0,16023010100.0,VA:First Lien,Single Family (1-4 Units):Site-Built,Hispanic or Latino,White,Female,Loan funded,1,320000.0,82.5,6.75,2.25,2,10000.0,12000.0,4000.0,3000.0,700.0,360,360,2,2,2,2,350000.0,1,1,1,1,1,1,34.0,40.0,1,1,1,1,1,1,1,1,2,2,2,2,2,2,2,2,2,2,2,2,2,2,2,2,2,2,2,2,2,2,2,2
2024,99999,UT,49001.0,49001970000.0,FHA:First Lien,Single Family (1-4 Units):Site-Built,Not Hispanic or Latino,White,Male,Loan funded,1,150000.0,75.0,6.5,3.0,2,7000.0,8000.0,3000.0,1500.0,600.0,360,360,2,2,2,2,170000.0,1,1,1,1,1,1,29.0,33.0,1,1,1,1,1,1,1,1,4,4,4,4,4,4,4,4,4,4,4,4,4,4,4,4,4,4,4,4,4,4,4,4
2024,99999,NE,31069.0,31069020100.0,Conventional:First Lien,Single Family (1-4 Units):Site-Built,Not Hispanic or Latino,White,Male,Loan funded,2,225000.0,75.0,5.75,1.875,2,8000.0,9500.0,3500.0,2500.0,600.0,300,300,2,2,2,2,250000.0,1,1,3,3,3,3,40.0,45.0,1,1,1,1,1,1,1,1,3,3,3,3,3,3,3,3,3,3,3,3,3,3,3,3,3,3,3,3,3,3,3,3
2024,99999,NM,35021.0,35021020200.0,FHA:First Lien,Single Family (1-4 Units):Site-Built,Not Hispanic or Latino,White,Female,Loan approved but not accepted,1,300000.0,82.5,6.5,2.0,2,11000.0,12500.0,4000.0,3000.0,600.0,360,360,2,2,2,2,330000.0,1,1,1,1,1,1,36.0,40.0,1,1,1,1,1,1,1,1,1,1,1,1,1,1,1,1,1,1,1,1,1,1,1,1,1,1,1,1,1,1,1,1
2024,99999,ND,38055.0,38055010100.0,Conventional:First Lien,Single Family (1-4 Units):Site-Built,Not Hispanic or Latino,White,Female,Preapproval request denied,1,240000.0,75.0,5.5,2.0,2,7500.0,9000.0,3000.0,1500.0,600.0,300,300,2,2,2,2,270000.0,1,1,3,3,3,3,35.0,40.0,1,1,1,1,1,1,1,1,3,3,3,3,3,3,3,3,3,3,3,3,3,3,3,3,3,3,3,3,3,3,3,3
2024,99999,KS,20067.0,20067010100.0,VA:First Lien,Single Family (1-4 Units):Site-Built,Not Hispanic or Latino,White,Male,Loan funded,1,200000.0,80.0,6.25,2.0,2,7500.0,9000.0,3000.0,2000.0,600.0,300,300,2,2,2,2,225000.0,1,1,1,1,1,1,33.0,38.0,1,1,1,1,1,1,1,1,3,3,3,3,3,3,3,3,3,3,3,3,3,3,3,3,3,3,3,3,3,3,3,3
2024,99999,WI,55049.0,55049010100.0,Conventional:Second Lien,Single Family (1-4 Units):Site-Built,Not Hispanic or Latino,White,Male,Loan approved but not accepted,1,150000.0,82.5,7.0,3.0,1,5000.0,6500.0,2000.0,1500.0,400.0,240,240,2,2,2,2,170000.0,1,1,4,4,4,4,48.0,50.0,1,1,1,1,1,1,1,1,3,3,3,3,3,3,3,3,3,3,3,3,3,3,3,3,3,3,3,3,3,3,3,3
2024,99999,CA,06017.0,06017010100.0,FHA:First Lien,Single Family (1-4 Units):Site-Built,Not Hispanic or Latino,White,Male,Loan funded,2,400000.0,75.0,5.5,1.875,2,13000.0,15000.0,5000.0,3500.0,800.0,360,360,2,2,2,2,450000.0,1,1,1,1,1,1,29.0,35.0,1,1,1,1,1,1,1,1,4,4,4,4,4,4,4,4,4,4,4,4,4,4,4,4,4,4,4,4,4,4,4,4
2024,99999,MT,30013.0,30013020100.0,FHA:First Lien,Single Family (