2024,12054,GA,13121.0,13121010529.0,FHA:First Lien,Single Family (1-4 Units):Site-Built,Ethnicity Not Available,Race Not Available,Sex Not Available,6,32,225000.0,,6.875,,2,16692.05,,10197.8,8302.8,,300.0,,,2,2,2,2,275000.0,1,1,3,5,1,,,,9,9,4.0,4.0,3,3,7.0,7.0,3,3,4,4,3,3,8888,8888,,,3,3
2024,99999,CT,9150.0,9150708100.0,Conventional:Subordinate Lien,Single Family (1-4 Units):Site-Built,Not Hispanic or Latino,White,Male,File closed for incompleteness,32,25000.0,,,,3,,,,,,240,,,2,2,2,2,,1,1,3,5,1,,96.0,,1111,1111,2.0,5.0,2,4,5.0,8.0,2,4,1,5,2,4,65-74,9999,Yes,,1,1
2024,99999,PA,42127.0,42127960600.0,VA:First Lien,Single Family (1-4 Units):Site-Built,Ethnicity Not Available,Race Not Available,Sex Not Available,Application denied,32,355000.0,,,,3,,,,,,360,,,2,2,2,2,,1,1,3,5,1,,108.0,,3,10,3.0,5.0,2,4,6.0,8.0,2,4,3,5,2,4,65-74,9999,Yes,,1,1
2024,15001,MA,00100.0,00100000100.0,Conventional:First Lien,Single Family (1-4 Units):Site-Built,Hispanic or Latino,White,Male,Loan originated,1,450000.0,82.0,3.75,1.0,1,35000.0,18000.0,25000.0,5500.0,10000.0,360,0,0,,Yes,330000.0,1,1,1,3,1,254000.0,57765.0,1111,1111,3.0,,3,3,3,3,5.0,7.0,3,3,1,3,4,3,50-64,9999,Yes,1,1,1,1,1,1,1,1,30,9999,,1,1,1,1,1,1,1,12,97,10,10,65-74,9999,9,9,1,1
2024,12054,TX,48201.0,48201010335.0,FHA:First Lien,Single Family (1-4 Units):Site-Built,Not Hispanic or Latino,Black or African American,Female,Loan originated,1,325000.0,85.0,,4.25,2.0,1,34000.0,19800.0,29500.0,7500.0,15000.0,300,1,0,,Yes,310000.0,2,1,1,3,2,193000.0,12800.0,1111,1111,4.0,5.0,3,3,3,3,6.0,8.0,3,3,1,3,3,2,40-54,9999,Yes,0,0,1,1,1,1,1,1,32,9999,,1,1,0,0,1,1,1,1,11,10,1,1,55-64,9999,1,1,0,0
2024,22153,NC,37031.0,37031000100.0,Conventional:First Lien,Single Family (1-4 Units):Site-Built,Not Hispanic or Latino,White,Female,Loan originated,1,420000.0,78.0,5.25,2.0,0,28900.0,14000.0,21000.0,8500.0,12000.0,360,0,0,,No,380000.0,2,2,2,2,1,300000.0,250000.0,1010,1100,4.0,5.0,3,3,3,3,7.0,8.0,3,3,3,3,3,3,30-39,9999,Yes,1,1,1,1,0,0,0,0,30,9999,,0,0,0,0,1,0,0,0,4,6,1,1,55-64,9999,0,0,0,0
2024,12054,NJ,34013.0,34013000100.0,FHA:First Lien,Multifamily (5+ Units):Site-Built,Hispanic or Latino,White,Male,Application withdrawn by applicant,32,190000.0,89.0,5.0,2.5,2,19000.0,9500.0,15000.0,5500.0,6000.0,300,0,0,,Yes,200000.0,1,1,1,1,2,140000.0,56000.0,1111,1111,4.0,5.0,3,3,3,3,6.0,8.0,3,3,3,3,2,2,55-64,9999,No,1,1,0,0,0,0,0,0,30,9999,,0,0,0,0,1,1,0,1,3,1,1,1,50-64,9999,0,0,0,0
2024,35000,NY,36119.0,36119000100.0,Conventional:First Lien,Single Family (1-4 Units):Site-Built,Not Hispanic or Latino,Asian,Female,Denial of credit application,32,182000.0,82.0,4.25,0.75,,17500.0,8000.0,12000.0,6500.0,4500.0,360,0,0,,No,190000.0,1,1,1,1,1,380000.0,350000.0,1111,1111,4.0,5.0,3,3,3,3,5.0,7.0,3,3,3,3,3,3,45-54,9999,No,1,1,1,1,1,1,1,1,40,9999,,1,1,1,1,1,1,1,1,3,10,1,1,65-74,9999,1,1,1,1
2024,45001,CA,06075.0,06075000400.0,VA:First Lien,Single Family (1-4 Units):Site-Built,Not Hispanic or Latino,White,Female,Loan originated,1,500000.0,88.0,3.5,1.5,0,25000.0,12000.0,19500.0,8200.0,12000.0,300,0,0,,Yes,350000.0,1,1,1,2,1,350000.0,245000.0,1010,1111,3.0,4.0,3,3,3,3,6.0,6.0,3,3,3,3,2,2,30-39,9999,Yes,1,1,1,1,1,1,1,1,40,9999,,1,1,1,1,1,1,1,1,10,10,3,3,65-74,9999,1,1,1,1
2024,10001,IL,17031.0,17031000100.0,FHA:First Lien,Single Family (1-4 Units):Site-Built,Hispanic or Latino,White,Male,Loan originated,1,295000.0,75.0,3.25,1.0,0,20000.0,11000.0,12000.0,6000.0,8000.0,300,0,0,,Yes,190000.0,1,1,1,1,1,98000.0,49000.0,1111,1111,4.0,5.0,3,3,4,4,5.0,8.0,4,4,3,3,2,2,35-44,9999,Yes,1,1,0,0,1,1,0,0,35,9999,,1,1,1,1,1,1,1,1,4,4,1,1,50-64,9999,0,0,1,1
2024,12054,TX,48003.0,48003010700.0,Conventional:First Lien,Single Family (1-4 Units):Site-Built,Not Hispanic or Latino,White,Male,Loan originated,1,350000.0,80.0,4.5,0.5,0,18000.0,9000.0,15000.0,7500.0,8000.0,300,0,0,,Yes,305000.0,2,1,1,2,1,125000.0,110000.0,1111,1111,3.0,3.5,3,3,3,3,7.0,8.0,3,3,4,4,4,3,40-54,9999,Yes,1,1,1,1,1,1,1,1,30,9999,,0,0,0,0,1,0,0,0,5,10,4,4,55-64,9999,1,1,0,0
2024,40001,FL,12038.0,12038000100.0,FHA:First Lien,Single Family (1-4 Units):Site-Built,Not Hispanic or Latino,Hispanic or Latino,Female,Loan originated,1,315000.0,90.0,4.25,1.25,4,29000.0,17500.0,32500.0,7500.0,12000.0,300,0,0,,Yes,290000.0,2,1,1,2,1,85000.0,72500.0,1111,1111,3.5,5.0,3,3,3,3,6.0,8.0,3,3,3,3,3,3,45-54,9999,Yes,1,1,1,1,1,1,1,1,35,9999,,1,1,1,1,1,1,1,1,5,4,2,2,50-64,9999,1,1,1,1
2024,12054,AL,01085.0,01085010330.0,Conventional:First Lien,Single Family (1-4 Units):Site-Built,Not Hispanic or Latino,Black or African American,Male,Loan originated,1,365000.0,82.0,4.5,1.5,0,24000.0,16000.0,19500.0,9000.0,9000.0,300,0,0,,No,330000.0,1,2,1,2,1,315000.0,285000.0,1111,1111,4.0,5.0,3,3,3,3,6.0,8.0,3,3,3,3,4,3,65-74,9999,Yes,1,1,1,1,1,1,1,1,30,9999,,1,1,1,1,1,1,1,1,4,4,1,1,50-64,9999,1,1,1,1
2024,35000,VA,51075.0,51075000100.0,FHA:First Lien,Multifamily (5+ Units):Site-Built,Hispanic or Latino,White,Female,Application denied,32,375000.0,88.0,4.75,3.5,3,18900.0,8000.0,12000.0,4500.0,4000.0,360,0,0,,No,345000.0,1,1,1,2,1,205000.0,180000.0,1111,1111,3.0,3.5,3,3,3,3,6.0,7.0,3,3,1,3,4,4,35-44,9999,No,1,1,0,0,0,0,0,0,35,9999,,0,0,0,0,1,1,1,1,1,1,1,1,50-64,9999,1,1,0,0
2024,22153,VT,50001.0,50001000100.0,Conventional:First Lien,Single Family (1-4 Units):Site-Built,Not Hispanic or Latino,White,Male,Loan originated,1,480000.0,85.0,4.25,0.75,3,45000.0,21000.0,25000.0,4500.0,18000.0,300,0,0,,Yes,400000.0,1,2,3,1,1,184000.0,168000.0,1010,1111,4.0,5.0,3,3,3,3,6.0,7.0,3,3,3,3,4,4,35-44,9999,Yes,1,1,1,1,1,1,1,1,30,9999,,1,1,1,1,1,1,1,1,10,10,4,4,65-74,9999,1,1,1,1
2024,12054,MD,24029.0,24029000100.0,FHA:First Lien,Single Family (1-4 Units):Site-Built,Not Hispanic or Latino,Black or African American,Male,Application approved but not accepted,1,320000.0,78.0,3.75,1.0,1,18000.0,9500.0,12000.0,4500.0,6000.0,360,0,0,,No,350000.0,1,1,2,1,1,180000.0,140000.0,1100,1000,3.0,4.0,3,3,3,3,6.0,7.0,3,3,3,3,3,3,41-50,9999,Not Applicable,0,0,1,1,1,1,1,1,45,9999,,0,0,0,0,1,0,0,0,10,7,1,1,50-64,9999,0,0,0,0
2024,15001,RI,44001.0,44001000100.0,Conventional:First Lien,Single Family (1-4 Units):Site-Built,Not Hispanic or Latino,White,Female,Loan originated,1,305000.0,82.0,4.5,1.0,1,19500.0,9200.0,15000.0,5500.0,7000.0,300,0,0,,No,315000.0,1,1,1,1,1,160000.0,110000.0,1111,1111,2.0,4.0,3,3,4,4,5.0,8.0,4,4,3,3,2,2,50-64,9999,Not Applicable,1,1,1,1,1,1,1,1,35,9999,,1,1,1,1,1,1,1,1,2,10,1,1,50-64,9999,1,1,0,0
2024,12054,NV,32013.0,32013000100.0,FHA:First Lien,Single Family (1-4 Units):Site-Built,Hispanic or Latino,White,Male,Loan originated,1,335000.0,78.0,4.25,0.5,2,20000.0,10000.0,18500.0,6500.0,6000.0,360,0,0,,Yes,310000.0,2,1,1,2,1,140000.0,120000.0,1111,1111,3.0,3.5,3,3,3,3,6.0,8.0,3,3,3,3,3,3,50-59,9999,Yes,1,1,0,0,1,1,1,1,35,9999,,0,0,0,0,1,1,0,1,3,5,1,1,50-64,9999,0,0,1,1
2024,35000,CO,08047.0,08047000100.0,Conventional:First Lien,Single Family (1-4 Units):Site-Built,Not Hispanic or Latino,White,Female,Denied by lender,1,432000.0,82.0,3.5,1.0,1,21500.0,9500.0,12000.0,5500.0,7500.0,360,0,0,,No,380000.0,1,1,1,2,1,320000.0,220000.0,1111,1101,4.0,5.0,3,3,3,3,5.0,8.0,3,3,3,3,3,3,55-64,9999,No,0,0,0,1,1,1,1,1,40,9999,,0,0,0,0,1,1,0,1,5,10,1,1,65-74,9999,1,1,1,1
2024,99999,SC,45016.0,45016000100.0,FHA:First Lien,Single Family (1-4 Units):Site-Built,Not Hispanic or Latino,White,Male,File closed for incompleteness,1,300000.0,83.0,3.75,1.0,1,18000.0,9000.0,12000.0,5000.0,7000.0,300,0,0,,No,300000.0,2,2,2,2,1,180000.0,120000.0,1000,1110,3.0,3.5,3,3,3,3,5.0,7.0,3,3,3,3,4,3,45-54,9999,Yes,1,1,1,1,1,1,0,0,30,9999,,0,0,0,0,1,1,0,1,3,5,2,2,65-74,9999,1,1,1,1
2024,12054,GA,13121.0,13121010529.0,FHA:First Lien,Single Family (1-4 Units):Site-Built,Ethnicity Not Available,Race Not Available,Sex Not Available,6,32,225000.0,,6.875,,2,16692.05,,10197.8,8302.8,,300.0,,,2,2,2,2,275000.0,1,1,3,5,1,,,,9,9,4.0,4.0,3,3,7.0,7.0,3,3,4,4,3,3,8888,8888,,,3,3
2024,12054,TX,48331.0,48331000100.0,Conventional:First Lien,Single Family (1-4 Units):Site-Built,Hispanic or Latino,White,Female,Loan originated,1,545000.0,76.0,3.5,1.75,1,29000.0,13000.0,18500.0,7500.0,10000.0,360,0,0,,Yes,340000.0,1,1,1,1,1,252000.0,200000.0,1111,1111,3.0,3.5,3,3,3,3,6.0,8.0,3,3,3,3,3,3,45-54,9999,Yes,1,1,1,1,1,1,1,1,32,9999,,1,1,1,1,1,1,1,1,7,9,2,2,55-64,9999,1,1,1,1
2024,40001,IL,17097.0,17097000100.0,FHA:First Lien,Multifamily (5+ Units):Site-Built,Not Hispanic or Latino,Black or African American,Male,Loan originated,1,310000.0,78.0,3.75,1.0,4,19000.0,8500.0,12000.0,5500.0,6000.0,360,0,0,,Yes,320000.0,1,1,1,1,1,170000.0,140000.0,1111,1011,3.0,4.0,3,3,3,3,5.0,8.0,3,3,3,3,3,3,35-44,9999,Yes,1,1,0,1,1,1,1,1,40,9999,,1,1,1,1,1,1,1,1,6,9,1,1,50-64,9999,0,0,1,1
2024,12054,WI,55003.0,55003010100.0,Conventional:First Lien,Single Family (1-4 Units):Site-Built,Not Hispanic or Latino,White,Female,Approved,1,350000.0,79.0,4.25,1.25,1,18000.0,9000.0,12000.0,5500.0,7000.0,360,0,0,,Yes,275000.0,2,2,1,1,1,190000.0,160000.0,1011,1111,3.0,4.0,3,3,3,3,6.0,7.0,3,3,3,3,3,3,35-44,9999,Yes,1,1,1,1,1,1,1,1,32,9999,,1,1,1,1,1,1,1,1,6,9,3,2,50-64,9999,1,1,1,1
2024,12054,OH,39073.0,39073000100.0,FHA:First Lien,Single Family (1-4 Units):Site-Built,Not Hispanic or Latino,White,Female,Application denied,1,510000.0,88.0,4.75,1.0,3,20000.0,10000.0,12000.0,6000.0,6000.0,360,0,0,,No,340000.0,1,1,1,1,1,200000.0,160000.0,1111,1111,3.0,4.0,3,3,3,3,6.0,7.0,3,3,3,3,3,3,60-64,9999,No,1,1,1,1,1,1,1,1,30,9999,,1,1,1,1,1,1,1,1,3,10,1,1,70-74,9999,1,1,1,1
2024,15001,ID,16017.0,16017000100.0,Conventional:First Lien,Single Family (1-4 Units):Site-Built,Not Hispanic or Latino,White,Male,Loan originated,1,230000.0,80.0,3.5,1.5,0,19000.0,9000.0,12000.0,5000.0,8000.0,300,0,0,,Yes,275000.0,1,1,1,1,1,180000.0,142000.0,1111,1111,3.0,3.5,3,3,4,4,6.0,8.0,4,4,3,3,2,2,50-64,9999,Yes,1,1,1,1,1,1,1,1,30,9999,,1,1,1,1,1,1,1,1,5,6,1,1,65-74,9999,1,1,1,1
2024,45001,NY,36119.0,36119000100.0,FHA:First Lien,Single Family (1-4 Units):Site-Built,Not Hispanic or Latino,White,Female,Loan originated,1,310000.0,75.0,3.25,1.0,1,21000.0,9000.0,15000.0,6000.0,8000.0,360,0,0,,Yes,300000.0,1,1,1,2,1,200000.0,160000.0,1011,1111,3.0,3.5,3,3,3,3,5.0,8.0,3,3,3,3,2,2,35-44,9999,Yes,1,1,1,1,1,1,1,1,35,9999,,1,1,1,1,1,1,1,1,4,5,1,1,75+,9999,1,1,1,1
2024,12054,OR,41003.0,41003010100.0,Conventional:First Lien,Single Family (1-4 Units):Site-Built,Hispanic or Latino,White,Male,Loan originated,1,380000.0,82.0,4.25,1.0,1,18000.0,9500.0,12000.0,5000.0,6000.0,300,0,0,,Yes,300000.0,2,1,1,2,1,195000.0,160000.0,1111,1111,4.0,6.0,3,3,4,4,5.0,8.0,4,4,3,3,3,3,50-59,9999,Yes,1,1,0,0,1,1,0,0,30,9999,,0,0,0,0,1,1,1,1,1,4,1,1,65-74,9999,0,0,1,1
2024,22153,ME,23001.0,23001000100.0,FHA:First Lien,Single Family (1-4 Units):Site-Built,Not Hispanic or Latino,White,Female,Loan originated,1,410000.0,81.0,5.25,1.25,0,25000.0,12000.0,18000.0,7000.0,10000.0,300,0,0,,Yes,320000.0,1,1,1,2,1,145000.0,100000.0,11