MISHCON DE REYA GROUP (OPERATIONS) LIMITED,64209,30.4,23.6,73.9,30.0,55.4,64.0,25.4,74.6,15.1,84.9,27.0,73.0,55.6,44.4,500-999,2025-04-03 15:10:41
BARCLAYS BANK PLC,64190,28.1,21.3,65.2,28.7,48.9,59.6,28.3,72.1,17.8,81.2,24.6,75.4,51.2,48.8,10000+,2025-03-21 09:15:22
COVENTRY BUILDING SOCIETY,64200,25.7,19.8,58.4,26.1,42.3,54.1,26.8,70.9,16.2,82.1,22.5,77.5,48.6,51.4,1000-4999,2025-02-14 11:30:55
JPMORGAN CHASE BANK N.A.,64110,32.8,26.4,69.1,32.2,57.8,69.2,24.1,75.9,14.7,85.3,29.2,70.8,58.4,41.6,5000-9999,2025-01-29 14:25:33
THE CO-OPERATIVE BANK PLC,64200,19.6,16.3,48.9,18.7,35.6,49.2,22.4,67.8,13.1,78.3,21.9,78.1,42.6,57.4,500-999,2025-03-17 10:45:18
HSBC BANK PLC,64190,24.3,18.9,55.1,22.8,41.2,52.8,26.1,71.4,15.8,80.6,23.2,76.8,49.8,50.2,10000+,2025-02-07 13:50:44
ROYAL BANK OF SCOTLAND PLC,64190,22.1,17.6,51.3,21.4,38.7,49.7,24.8,69.5,14.3,79.2,22.1,77.9,45.2,54.8,10000+,2025-01-15 16:20:12
BARCLAYS PLC,64110,31.2,25.8,67.8,31.5,54.2,66.1,23.9,74.8,16.1,83.7,27.8,72.2,56.3,43.7,5000-9999,2025-04-01 08:40:37
LLOYDS BANKING GROUP PLC,64190,27.4,20.9,62.1,27.9,45.8,56.4,27.2,71.8,16.5,81.7,25.3,74.7,50.1,49.9,10000+,2025-03-12 12:05:29
STANDARD CHARtered PLC,64190,28.9,23.1,63.7,29.4,49.1,58.3,25.6,72.4,18.2,81.9,26.5,73.5,52.3,47.7,5000-9999,2025-02-28 15:55:48
WILLIAMS & GODEY,14990,29.3,24.1,65.8,30.2,52.9,63.5,22.7,73.8,14.5,84.1,28.5,71.5,55.8,44.2,500-999,2025-01-23 10:35:21
FLEET STREET FUND MANAGEMENT LIMITED,65210,34.7,28.9,78.6,35.2,61.4,79.2,19.8,80.1,13.2,86.9,31.7,68.3,43.8,56.2,100-499,2025-03-19 14:10:52
DEUTSCHE BANK AG,64110,18.6,15.2,40.3,17.8,30.8,41.9,23.2,68.7,12.6,79.8,21.6,78.4,40.6,59.4,5000-9999,2025-02-05 09:20:15
NATIONAL WESTMINSTER BANK PLC,64190,23.8,19.4,52.7,24.1,41.9,53.6,25.4,70.2,15.4,79.8,23.9,76.1,47.5,52.5,10000+,2025-01-30 13:45:38
TRAVELEX LTD,70200,31.9,26.3,70.4,32.1,56.7,68.9,24.3,75.1,15.2,84.6,28.9,71.1,57.2,42.8,1000-4999,2025-04-04 11:15:27
LONDON STOCK EXCHANGE GROUP PLC,65100,26.2,21.7,59.3,25.5,46.3,57.1,25.9,73.3,16.8,81.5,24.1,75.9,49.1,50.9,5000-9999,2025-03-02 16:35:43
TAYLOR WESSING PLC,65210,35.1,29.6,81.2,36.7,62.8,80.9,18.5,81.4,12.3,87.2,33.1,66.9,42.4,57.6,100-499,2025-02-11 09:50:25
BARCLAYCARD PLC,64110,27.8,22.3,62.5,28.1,50.4,61.8,24.7,74.9,16.8,84.3,26.3,73.7,53.2,46.8,1000-4999,2025-01-08 14:25:30
THE TRUSTEES OF ST JOHNS COLLEGE CAMBRIDGE,85110,14.3,12.7,32.1,13.9,25.8,37.9,28.4,71.6,19.6,80.4,21.8,78.2,36.2,63.8,100-499,2025-03-25 10:30:17
CITY OF LONDON FINANCIAL SERVICES LIMITED,65210,29.7,25.1,66.9,30.1,53.4,65.7,23.5,74.2,15.6,84.9,28.1,71.9,56.9,43.1,500-999,2025-02-18 15:55:44
RBS PLC,64190,22.4,18.2,51.8,22.9,39.2,50.4,24.1,69.7,14.9,79.3,22.8,77.2,46.3,53.7,10000+,2025-01-26 09:40:22
BANK OF AMERICA MERRILL LYNCH,64110,33.6,27.8,72.1,34.2,58.9,70.8,22.8,75.3,14.6,85.1,29.8,70.2,59.4,40.6,5000-9999,2025-03-09 12:10:55
KPMG LLP,70100,30.8,26.1,71.4,32.6,54.7,66.1,22.1,76.8,15.3,83.9,27.6,72.4,54.2,45.8,1000-4999,2025-04-02 13:35:18
BLOOMBERG LIMITED,70100,21.9,18.4,53.2,23.1,37.8,49.2,25.3,70.4,16.2,80.5,23.1,76.9,46.8,53.2,1000-4999,2025-03-13 08:55:42
PRICEWATERHOUSECOOPERS LLP,70100,36.2,30.7,81.9,37.8,64.2,79.5,19.4,81.8,12.9,86.2,32.8,67.2,41.6,58.4,1000-4999,2025-02-20 14:15:30
ERSTEN INVESTMENT MANAGEMENT LIMITED,70200,42.1,35.6,89.4,42.7,71.6,87.2,16.8,85.1,11.2,88.6,35.2,64.8,38.9,61.1,100-499,2025-01-11 10:20:25
PWC UK LIMITED,70100,28.4,23.9,64.7,29.3,50.1,62.3,24.8,73.6,15.9,84.1,26.2,73.8,52.7,47.3,1000-4999,2025-03-11 16:00:47
DELTA AIRLINES INC,71100,24.8,20.2,55.9,26.1,40.3,54.2,26.9,71.3,16.7,81.2,24.5,75.5,48.8,51.2,5000-9999,2025-02-03 09:35:13
TAXATION AND REVENUE OFFICE,85120,16.5,14.9,38.2,17.1,31.9,43.1,29.2,70.8,18.7,81.3,22.4,77.6,37.9,62.1,500-999,2025-01-17 15:40:33
GLAXOSMITH KLINE PLC,14810,20.3,17.8,50.8,22.1,38.4,48.6,24.6,70.2,15.2,79.8,23.1,76.9,44.9,55.1,1000-4999,2025-03-29 11:25:28
BARCLAYCARD PLC OPERATIONS,64190,31.2,26.7,70.3,31.8,55.3,66.8,23.6,74.7,15.8,84.2,28.3,71.7,56.5,43.5,500-999,2025-02-15 08:45:11
BANK OF ENGLAND,85100,13.8,12.1,35.7,14.2,29.1,40.9,30.2,68.9,19.8,80.2,21.2,78.8,35.9,64.1,1000-4999,2025-01-09 12:10:55
LONDON BOROUGH OF HAMMERSMITH AND FULHAM,85110,18.9,16.4,47.2,18.5,34.7,46.8,25.8,71.1,16.8,78.9,23.4,76.6,43.6,56.4,500-999,2025-03-24 14:50:38
TAKING ACTION PLC,69300,27.6,21.8,61.5,28.2,48.6,59.2,26.2,72.9,15.1,83.4,24.3,75.7,50.8,49.2,100-499,2025-02-23 10:35:21
CITY OF GLASGOW COUNCIL,85110,15.2,13.4,37.8,15.7,30.8,42.2,28.3,69.8,20.1,80.0,22.6,77.4,38.1,61.9,500-999,2025-01-27 15:20:44
REXEL UK LIMITED,20100,34.8,28.9,74.3,35.1,59.2,70.8,23.1,74.5,14.2,85.3,27.4,72.6,56.1,43.9,100-499,2025-03-16 09:15:37
AON PLC,70200,26.9,21.5,61.8,27.4,47.8,58.4,25.5,73.2,15.9,83.5,25.8,74.2,51.1,48.9,500-999,2025-02-10 13:40:22
SANTANDER UK PLC,64190,25.6,20.4,57.9,25.9,44.2,55.1,26.7,71.9,16.2,81.8,24.1,75.9,48.5,51.5,5000-9999,2025-01-19 17:15:41
NATIONAL GRID PLC,48200,22.1,18.1,54.3,21.6,39.8,52.0,26.3,71.3,16.1,80.8,23.6,76.4,46.6,53.4,5000-9999,2025-03-08 11:30:24
THAMES WATER PLC,85110,16.7,14.4,40.4,16.6,32.8,42.2,30.6,67.3,21.2,80.8,22.1,77.9,36.1,63.9,1000-4999,2025-02-01 14:25:37
UNILEVER PLC,70200,23.4,19.2,58.1,24.8,41.2,53.5,24.9,70.8,15.8,80.1,23.3,76.7,47.5,52.5,5000-9999,2025-01-24 09:55:18
MITSUBISHI UFJ FINANCIAL GROUP,64110,20.8,17.2,51.9,21.1,37.2,48.8,25.4,70.1,14.5,80.9,22.8,77.2,46.1,53.9,5000-9999,2025-03-22 12:10:45
BAYER ANIMAL HEALTH,14810,22.3,18.7,52.4,23.5,41.8,54.5,26.1,71.5,15.6,80.3,24.1,75.9,48.2,51.8,1000-4999,2025-02-13 15:50:28
HARTFORD INSURANCE COMPANY,69300,30.1,25.8,67.2,30.5,53.9,66.4,24.4,74.9,15.0,85.1,28.2,71.8,55.1,44.9,500-999,2025-01-20 11:20:33
THE UNIVERSITY OF MANCHESTER,85110,13.2,11.7,34.8,13.3,28.7,41.2,31.1,68.9,20.6,79.4,20.4,79.6,36.6,63.4,5000-9999,2025-03-18 09:45:11
CITY OF BIRMINGHAM COUNCIL,85110,16.9,14.8,42.7,18.2,33.5,45.1,29.6,69.2,20.4,80.6,22.3,77.7,38.8,61.2,500-999,2025-02-26 13:35:27
BRENTWOOD BOROUGH COUNCIL,85110,12.4,11.2,30.9,12.6,27.5,37.8,32.2,67.1,19.3,80.7,20.8,79.2,36.9,63.1,100-499,2025-01-06 10:15:42
GREAT BRITAIN BOROUGH COUNCIL,85110,14.1,12.6,35.2,14.3,30.2,43.9,29.8,68.7,20.1,80.2,22.9,77.1,37.4,62.6,1000-4999,2025-03-14 16:40:15
ROYAL COLLEGE OF SURGEONS,85110,15.5,13.7,39.1,15.9,31.2,44.3,28.1,70.3,19.4,80.6,21.5,78.5,36.8,63.2,100-499,2025-02-17 12:30:28
THERMODYNAMICS UK LIMITED,73100,29.1,24.5,63.9,29.7,51.3,63.7,23.8,73.5,15.2,84.1,27.8,72.2,54.3,45.7,500-999,2025-01-28 14:20:41
VODAFONE GROUP PLC,61900,26.5,21.1,59.2,26.8,46.9,57.3,26.0,72.1,16.3,81.5,24.4,75.6,48.7,51.3,5000-9999,2025-03-31 09:50:34
LONDON BOROUGH OF ISLINGTON,85110,17.3,15.2,41.4,17.5,32.9,43.7,28.6,69.4,20.5,80.1,21.2,78.8,39.1,60.9,500-999,2025-02-06 13:10:12
ROYAL BOTANIC GARDENS KEW,85110,14.7,12.9,37.3,15.1,30.4,42.6,29.2,68.2,20.1,79.9,21.7,78.3,36.4,63.6,100-499,2025-01-13 10:55:30
LONDON BOROUGH OF SOUTHWARK,85110,16.1,14.7,43.6,16.4,33.1,46.9,28.7,69.8,20.3,80.4,21.6,78.4,37.8,62.2,500-999,2025-03-05 14:35:18
SANDRO UK LIMITED,47810,31.4,27.1,68.7,32.1,53.2,66.8,24.8,74.6,14.9,84.5,28.6,71.4,55.3,44.7,500-999,2025-02-12 11:40:32
THE UNIVERSITY OF BIRMINGHAM,85110,12.9,11.4,33.2,13.1,28.3,40.8,31.8,67.9,20.9,79.1,19.3,80.7,35.2,64.8,5000-9999,2025-01-30 12:25:44
WASTE MANAGEMENT PLC,79090,18.3,15.7,44.8,18.9,34.6,47.2,25.9,71.1,17.1,80.4,21.4,78.6,43.8,56.2,500-999,2025-03-20 15:45:11
MIDLANDS AIRPORTS LIMITED,71100,22.8,19.3,53.2,23.6,40.7,52.8,25.1,71.6,15.4,80.1,23.1,76.9,46.7,53.3,500-999,2025-02-04 08:50:26
MERCURY TECHNOLOGY SOLUTIONS,70200,25.3,21.2,57.8,25.9,44.8,55.5,25.6,72.4,15.7,81.8,23.9,76.1,47.9,52.1,100-499,2025-01-16 16:10:37
TOKYO GAS LIMITED,64110,23.6,19.1,54.1,24.3,42.1,53.7,25.3,71.0,15.8,80.6,23.2,76.8,47.7,52.3,5000-9999,2025-03-27 10:45:20
REUTERS LIMITED,70100,28.6,24.2,63.8,29.2,51.4,63.3,24.2,75.0,15.3,84.6,28.1,71.9,54.9,45.1,1000-4999,2025-02-21 13:50:35
BARRATTS OF LONDON,74900,19.9,16.5,46.3,20.1,35.8,46.7,26.5,71.9,16.5,81.5,23.8,76.2,45.3,54.7,500-999,2025-01-14 09:30:43
WELLINGTON VENTURES LIMITED,65210,37.4,32.1,83.5,38.9,65.8,82.3,17.5,82.9,12.1,87.4,34.3,65.7,39.5,60.5,100-499,2025-03-06 14:25:16