MISHCON DE REYA GROUP (OPERATIONS) LIMITED,64209,30.4,23.6,73.9,30.0,55.4,64.0,25.4,74.6,15.1,84.9,27.0,73.0,55.6,44.4,500-999,2025-04-03 15:10:41
BANK OF SCOTLAND PLC,64999,23.1,18.7,65.2,25.8,48.9,59.2,22.3,72.1,18.5,80.2,29.5,70.5,39.4,29.3,1000-4999,2025-03-12 09:45:22
SANTANDER UK PLC,64999,21.8,16.9,58.9,28.3,42.7,52.8,20.4,71.9,17.9,81.4,31.2,69.8,42.3,31.2,5000+,2025-02-28 11:20:15
BARCLAYS BANK PLC,64999,26.5,21.2,72.1,32.4,51.8,62.3,24.1,73.4,16.7,85.1,28.3,71.7,44.8,37.5,1000-4999,2025-01-19 14:33:44
ROYAL BANK OF SCOTLAND GROUP PLC,64999,22.4,17.8,63.3,24.9,46.8,58.1,21.8,72.3,17.2,83.4,29.9,70.1,38.7,30.6,5000+,2025-03-07 10:55:12
HSBC GROUP PLC,64999,24.3,19.9,68.4,27.1,49.5,59.8,23.2,71.5,16.8,82.6,28.9,72.1,41.2,31.5,5000+,2025-01-22 16:40:33
LLOYDS BANKING GROUP PLC,64999,19.7,15.4,55.8,22.3,42.1,53.8,20.1,70.8,18.3,84.1,31.5,68.5,41.8,33.2,5000+,2025-02-15 08:22:56
CITIBANK PLC,64110,27.6,23.4,75.3,35.1,54.2,65.8,26.8,74.3,15.8,86.1,27.3,72.7,55.1,44.9,1000-4999,2025-02-11 13:08:45
NATWEST GROUP PLC,64999,20.8,16.2,59.2,24.6,43.9,54.3,21.2,71.8,17.1,82.7,29.4,70.6,40.1,32.1,5000+,2025-03-01 09:15:27
UBS PLC,64110,25.2,19.8,70.8,31.4,50.3,61.7,23.6,72.9,16.5,84.6,28.1,71.9,43.4,34.2,500-999,2025-04-08 12:18:39
BRITISH AMERICAN TOBACCO PLC,64999,18.9,14.3,52.1,20.5,40.8,50.9,20.3,70.1,18.7,81.9,32.4,67.6,42.9,36.8,5000+,2025-01-30 15:51:18
TESCO PLC,64999,15.4,12.1,34.7,15.8,34.2,46.1,18.9,71.2,15.3,82.4,29.8,68.2,35.8,38.6,5000+,2025-02-03 10:44:33
VODAFONE GROUP PLC,64209,22.8,17.5,62.3,26.9,45.9,57.2,21.6,72.8,16.7,83.1,28.5,69.5,40.8,31.4,1000-4999,2025-03-18 14:22:29
BARCLAYS INTERNATIONAL PLC,64110,24.1,19.6,67.5,30.2,51.2,63.1,22.9,73.6,17.4,84.8,29.2,70.8,42.1,32.3,250-499,2025-04-10 11:56:44
SAINSBURY'S PLC,64999,14.2,10.9,31.8,14.2,30.9,42.8,19.4,70.5,14.8,82.8,28.7,67.3,34.7,36.9,5000+,2025-01-25 09:33:12
GLAXOSMITHKLINE PLC,64999,16.7,13.4,42.9,18.7,38.2,50.1,20.8,72.1,16.1,83.4,29.7,68.3,37.2,35.3,250-499,2025-02-18 13:48:56
ROYAL MAIL PLC,64999,17.2,14.1,45.6,19.8,36.8,48.9,19.7,71.5,15.4,82.3,30.1,67.9,35.4,36.2,1000-4999,2025-03-23 10:25:41
ASDA GROUP PLC,64999,13.5,10.2,29.4,12.7,32.1,45.3,19.1,70.9,14.5,81.6,28.4,69.6,33.8,37.1,5000+,2025-04-02 12:09:18
ROYAL DUTCH SHELL PLC,64999,19.3,15.8,50.2,22.1,41.5,53.4,20.2,71.3,16.8,82.9,30.3,67.7,36.7,32.9,5000+,2025-01-29 15:12:35
OXFORD HEALTH PARTNERSHIP NHS TRUST,64999,12.6,9.1,25.1,11.3,31.8,43.2,21.2,73.1,14.9,84.3,27.8,72.2,34.1,35.5,100-249,2025-02-14 11:34:55
MORRISON'S PLC,64999,14.8,11.4,33.6,14.9,33.2,45.1,19.5,72.4,15.6,83.7,28.9,69.1,36.5,36.8,5000+,2025-03-11 09:19:23
BRITISH HOME STORES PLC,64999,16.9,12.8,38.2,16.3,36.1,49.8,19.8,71.9,15.5,82.7,30.2,69.8,35.1,36.6,250-499,2025-04-15 14:42:17
PENNY BAKER PLC,64999,21.5,17.2,56.7,23.8,44.8,56.7,21.9,72.6,17.3,84.1,29.7,70.3,40.5,33.1,500-999,2025-02-20 12:05:59
WILLIAMS & GODEY LTD,64999,15.6,12.4,39.1,17.5,37.4,49.5,19.9,71.7,15.7,83.6,30.0,69.0,34.9,35.8,100-249,2025-03-26 10:37:48
KPMG LLP,64209,28.3,19.6,76.4,31.2,57.2,63.9,26.3,74.8,15.2,85.5,27.5,72.5,56.3,43.7,500-999,2025-01-15 13:22:16
DELOITTE LLP,64209,31.8,26.3,82.6,36.9,61.5,69.7,28.4,76.5,17.1,87.2,29.1,70.9,52.4,47.6,1000-4999,2025-03-09 11:55:37
ERNST & YOUNG LLP,64209,25.9,20.4,71.9,30.8,52.1,61.2,24.7,73.9,16.9,85.0,29.6,70.4,44.3,35.7,1000-4999,2025-04-05 15:33:28
PRICEWATERHOUSECOOPERS LLP,64209,26.1,21.3,72.8,33.1,52.8,62.9,24.2,74.1,15.8,85.3,29.7,70.3,44.8,35.2,5000+,2025-02-27 14:49:14
CARRIER PLC,64999,18.2,14.5,47.5,18.9,40.2,52.8,20.7,72.3,16.4,83.2,31.0,69.0,38.8,35.6,500-999,2025-01-31 10:08:26
SIRIUS XM UK LIMITED,64999,19.2,15.7,51.3,21.1,42.5,55.3,21.0,71.8,16.2,83.1,28.8,68.2,40.3,34.4,100-249,2025-03-14 08:43:54
MCKINSEY & COMPANY UK LIMITED,64209,33.4,25.9,84.2,35.8,63.4,70.1,30.2,78.4,18.5,86.8,31.9,68.1,52.6,47.4,500-999,2025-04-20 13:16:44
SAS INTERNATIONAL UK,64999,17.4,13.8,45.6,18.3,38.4,50.2,20.3,71.6,16.3,82.9,30.1,69.9,37.1,35.1,250-499,2025-02-23 12:31:36
VOLVO UK PLC,64999,20.1,16.4,53.2,23.4,42.9,54.7,22.3,72.7,17.1,83.8,28.9,71.1,39.2,34.8,500-999,2025-03-18 14:52:27
B&Q GROUP PLC,64999,16.3,13.1,36.9,16.1,35.2,48.1,20.2,72.4,15.9,83.4,29.2,68.8,35.3,36.7,5000+,2025-01-28 09:14:15
WATERSTONE GROUP PLC,64110,23.6,18.9,66.3,28.5,49.1,60.4,23.8,73.3,16.6,84.1,28.3,71.7,41.5,33.3,1000-4999,2025-03-04 11:47:39
HAYES AND CLEAFORD PLC,64999,13.9,11.8,32.6,14.1,32.1,44.1,19.8,71.9,15.2,82.7,29.7,68.3,35.4,36.2,100-249,2025-02-12 10:28:45
BAE SYSTEMS PLC,64999,21.7,16.9,54.8,23.9,43.6,55.1,21.8,72.1,17.0,83.7,29.1,68.9,39.0,35.0,5000+,2025-04-09 15:38:47
FORD MOTOR COMPANY UK,64999,18.6,15.0,48.3,19.1,41.9,53.4,20.4,72.0,16.1,83.3,29.5,68.5,38.2,35.1,500-999,2025-03-22 13:19:22
SARASOTA UK LIMITED,64999,12.8,10.3,28.4,12.4,33.1,44.8,19.2,71.8,14.7,83.0,28.3,71.7,34.2,37.1,100-249,2025-02-06 11:56:38
SCHNEIDER ELECTRIC UK LIMITED,64999,14.1,11.3,34.9,15.4,34.5,47.2,20.1,72.0,14.8,82.5,30.0,67.1,34.9,36.6,1000-4999,2025-03-29 09:31:53
THOMSON REUTERS UK LIMITED,64999,24.2,18.8,69.4,31.7,52.3,64.8,24.6,72.9,16.4,84.2,29.3,70.7,43.7,34.6,500-999,2025-01-21 10:49:11
WPP GROUP PLC,64999,23.8,18.6,71.5,30.1,51.6,62.5,23.8,73.2,16.1,83.9,29.5,69.5,43.1,34.8,5000+,2025-02-17 15:14:48
SAGE GROUP PLC,64999,21.2,17.1,59.6,24.7,45.3,56.9,21.2,72.6,16.9,83.5,28.8,71.2,40.3,34.4,500-999,2025-01-27 08:26:57
MICROSOFT UK LIMITED,64209,29.5,23.1,75.8,34.2,58.4,70.8,26.8,75.6,15.4,86.1,27.1,72.9,53.2,46.8,500-999,2025-03-06 11:40:29
JPMORGAN CHASE & CO UK LLC,64209,27.6,21.8,73.2,32.8,54.1,65.0,25.3,74.1,15.8,84.9,28.5,71.5,48.5,41.5,500-999,2025-02-21 13:35:41
RENAISSANCE UK LIMITED,64999,15.9,12.6,37.3,16.8,34.9,47.8,19.7,72.2,15.3,83.3,30.2,68.8,36.1,36.2,250-499,2025-04-01 12:13:16
HDFC BANK LIMITED,64999,19.7,15.8,52.4,21.1,41.9,53.3,20.5,71.7,16.2,83.5,29.6,68.4,39.5,34.1,250-499,2025-03-13 09:48:32
WOLFENBURG UK LIMITED,64999,17.8,14.2,44.1,18.2,39.5,51.9,20.9,72.4,16.0,83.8,30.4,69.6,35.9,36.6,100(249,2025-02-10 14:28:19
VODACOM UK LIMITED,64999,20.9,16.7,55.6,22.5,43.5,55.2,21.8,72.2,16.7,84.0,29.0,69.0,40.7,34.9,500-999,2025-01-31 08:15:23
LUMA UK LIMITED,64999,16.5,13.2,40.2,17.1,36.4,48.7,20.0,71.5,15.7,83.5,30.3,68.7,35.0,36.4,100-249,2025-03-04 11:59:36
SPEECH ACTORS UK LIMITED,64999,14.3,11.6,32.4,13.5,31.7,43.8,19.2,71.8,14.9,82.9,29.1,69.9,33.9,37.1,100-249,2025-02-28 14:12:28
CORNELL UNIVERSITY UK,64999,12.1,9.4,24.8,11.2,30.9,42.7,21.6,73.0,14.6,84.8,28.8,71.2,34.5,35.7,100-249,2025-03-19 13:29:05
MCGRAW HILL EDUCATION UK,64999,18.4,14.6,46.2,20.1,39.8,52.4,20.7,72.1,16.2,83.7,29.4,68.6,38.9,35.0,500-999,2025-03-24 15:55:34
AMERICAN EXPRESS UK LIMITED,64110,26.8,22.3,71.4,34.6,53.4,63.2,24.0,73.4,16.6,84.8,28.6,71.4,44.2,35.8,1000-4999,2025-01-25 10:38:40
NATIONAL HEALTH SERVICE,64999,11.9,9.3,25.9,10.5,29.3,41.8,22.5,74.4,13.6,85.7,26.5,73.5,32.4,34.8,5000+,2025-02-13 12:17:14
NATIONAL GRID PLC,64999,16.2,12.9,41.3,17.4,38.1,50.3,20.3,72.3,15.8,83.4,30.4,69.6,35.8,35.2,5000+,2025-03-27 10:44:26
BASF UK LIMITED,64999,22.6,18.1,57.9,25.2,44.1,55.9,21.4,72.8,16.9,83.5,28.6,69.4,40.5,34.1,5000+,2025-04-11 11:34:58
MITSUBISHI UFJ FINANCIAL GROUP,64999,23.1,18.7,59.4,26.3,44.7,56.8,21.9,72.9,17.2,83.8,29.1,70.9,41.3,34.7,250-499,2025-03-19 14:49:12
GSK PLC,64999,18.7,14.2,49.3,19.5,41.4,53.1,20.5,72.5,16.0,83.8,29.5,68.5,38.3,35.6,5000+,2025-02-08 10:28:34
SOUTHPARK UK LIMITED,64999,14.8,11.9,34.8,15.7,33.6,46.7,19.9,72.3,15.2,83.5,29.2,68.8,35.7,36.3,250-499,2025-03-01 09:58:27
BRISTOL RAILWAY COMPANY,64999,13.6,10.8,31.7,13.4,31.8,44.0,19.5,71.7,14.4,82.6,30.1,69.9,34.2,37.4,100-249,2025-02-26 13:11:45
STANDARD CHARTERED PLC,64999,25.7,20.4,68.1,32.5,50.8,61.2,23.4,73.8,16.8,84.9,29.2,70.8,42.9,34.1,1000-4999,2025-03-30 14:22:39
TESCO MARKETPLACE UK LIMITED,64999,15.2,11.8,33.1,15.3,32.4,45.2,20.9,71.8,15.1,82.1,29.6,69.4,34.8,36.5,5000+,2025-02-16 15:54:46
SALOMON SMITH BARNEY UK,64110,27.4,21.9,73.6,34.8,52.4,63.7,24.4,74.5,16.3,85.1,28.2,71.8,44.8,35.2,500-999,2025-03-28 09:17:58