MISHCON DE REYA GROUP (OPERATIONS) LIMITED,64209,30.4,23.6,73.9,30.0,55.4,64.0,25.4,74.6,15.1,84.9,27.0,73.0,55.6,44.4,500-999,2025-04-03 15:10:41
LLOYDS BANKING GROUP PLC,64190,22.1,18.7,65.2,28.9,48.3,58.7,28.2,71.8,18.3,81.7,23.4,76.6,56.8,43.2,10000+,2025-03-15 09:23:12
THE CO-OPERATIVE GROUP PLC,64320,16.8,12.4,55.3,22.1,42.1,51.9,33.2,66.8,19.7,80.3,24.1,75.9,48.9,51.1,500-999,2025-04-10 14:32:45
BARCLAYS BANK PLC,64190,19.5,14.2,61.8,25.3,44.7,52.2,30.1,69.9,17.2,82.8,21.8,78.2,52.3,47.7,10000+,2025-02-28 11:45:22
BT GROUP PLC,64110,27.8,21.3,69.3,31.2,51.2,62.5,26.5,73.5,14.7,85.3,26.9,73.1,54.8,45.2,500-999,2025-03-19 16:58:17
ROYAL MAIL PLC,74900,24.6,19.9,66.7,27.4,47.9,58.1,31.4,68.6,16.8,83.2,21.3,78.7,51.5,48.5,1000-4999,2025-04-01 10:12:33
HSBC HOLDINGS PLC,64190,21.3,17.4,63.1,29.8,46.2,57.1,29.1,70.9,17.9,82.1,22.5,77.5,53.9,46.1,10000+,2025-03-22 13:36:44
BRITISH AIRWAYS PLC,75200,18.9,13.6,58.4,24.7,43.6,54.8,32.8,67.2,18.5,81.5,23.2,76.8,49.3,50.7,1000-4999,2025-04-06 08:51:28
GLAXOSMITHKLINE PLC,75100,15.7,11.8,52.0,20.3,39.2,49.5,35.3,64.7,20.1,79.9,24.8,75.2,50.2,49.8,500-999,2025-03-17 14:29:50
NATIONAL GRID PLC,64120,26.4,20.1,67.6,32.8,50.8,60.2,27.8,72.2,15.6,84.4,25.3,74.7,53.4,46.6,500-999,2025-04-02 17:43:18
SANTANDER UK PLC,64190,20.8,16.9,59.6,26.1,45.1,56.3,30.2,69.8,18.9,81.1,22.8,77.2,54.2,45.8,1000-4999,2025-03-25 12:17:39
THE BRITISH TELECOMMUNICATIONS PUBLIC COMPANY LIMITED,64110,25.1,19.4,69.8,31.7,52.3,61.9,26.9,73.1,14.9,85.1,27.3,72.7,55.1,44.9,1000-4999,2025-04-08 15:24:55
CROWN PROPERTIES PLC,74200,29.7,24.3,71.2,30.5,54.3,62.8,25.1,74.9,16.4,83.6,26.7,73.3,57.1,42.9,250-499,2025-03-12 18:31:24
AEGON PLC,64700,17.5,12.9,57.4,21.8,41.3,53.2,32.1,67.9,19.4,80.6,24.5,75.5,48.2,51.8,500-999,2025-04-09 09:47:53
THERMODYNAMIC DYNAMICS PLC,75100,23.2,18.6,64.3,28.4,47.6,56.5,29.5,70.5,18.2,81.8,21.9,78.1,50.8,49.2,500-999,2025-04-04 11:55:42
WPP GROUP PLC,73100,24.9,19.7,66.1,30.2,51.5,61.8,27.3,72.7,15.3,84.7,26.2,73.8,54.5,45.5,1000-4999,2025-03-18 13:38:16
BARRATTS ESTATES PLC,74200,28.5,22.7,72.4,29.6,53.7,63.1,26.4,73.6,15.8,84.2,27.9,72.1,56.2,43.8,500-999,2025-04-07 12:19:27
UNILEVER PLC,75100,18.3,14.1,59.9,23.4,44.3,55.2,31.6,68.4,19.8,80.2,23.9,76.1,49.7,50.3,10000+,2025-03-20 16:25:38
BANK OF ENGLAND,64190,16.4,11.9,56.2,20.9,40.8,52.1,33.1,66.9,18.7,81.3,25.2,74.8,48.4,51.6,1000-4999,2025-04-05 10:43:11
HARVEY NISSAN MOTOR plc,74300,22.8,17.2,62.9,25.8,46.5,55.8,30.7,69.3,17.8,82.2,22.4,77.6,53.6,46.4,1000-4999,2025-03-27 14:56:49
THE LONDON STOCK EXCHANGE GROUP PLC,74900,26.7,20.8,70.5,32.1,52.8,63.2,26.2,73.8,15.5,84.5,27.1,72.9,54.7,45.3,1000-4999,2025-04-01 16:34:23
THE BBC,73100,19.2,13.4,58.7,22.6,42.9,54.2,31.9,68.1,18.1,81.9,24.3,75.7,50.5,49.5,1000-4999,2025-03-24 09:28:12
VODAFONE GROUP PLC,74900,23.6,18.9,65.6,29.1,47.2,57.9,30.4,69.6,17.5,82.5,22.1,77.9,52.8,47.2,1000-4999,2025-04-03 13:57:47
CITY OF LONDON CORPORATION,64190,14.8,10.3,51.4,19.2,38.6,47.8,36.2,63.8,21.1,78.9,24.9,75.1,51.0,49.0,1000-4999,2025-04-02 19:21:38
RENTOKIL INITIAL PLC,74900,25.3,20.5,67.9,31.4,49.3,59.7,31.2,68.8,18.4,81.6,23.6,76.4,54.1,45.9,500-999,2025-03-19 11:38:25
CARLISLE GROUP PLC,74200,27.1,21.8,69.4,30.8,51.8,61.5,26.7,73.3,15.2,84.8,27.5,72.5,55.3,44.7,500-999,2025-04-06 14:45:33
THE PRINCE'S TRUST,74900,20.7,15.2,59.2,24.1,43.1,54.6,32.5,67.5,19.2,80.8,24.2,75.8,49.1,50.9,500-999,2025-03-21 17:22:41
THE BAYERISCHE MOTOREN WERKE AG,74300,21.9,16.5,61.1,26.8,44.8,55.4,30.5,69.5,18.0,82.0,21.7,78.3,52.1,47.9,1000-4999,2025-04-08 09:53:22
THE BRITISH CENTRE FOR INNOVATION,73100,28.4,23.1,71.7,31.9,53.4,64.2,25.8,74.2,16.6,83.4,27.2,72.8,56.4,43.6,500-999,2025-03-23 13:48:19
RWE UK PLC,64120,22.3,17.8,62.2,28.2,45.6,56.1,29.9,70.1,18.6,81.4,22.3,77.7,53.1,46.9,500-999,2025-04-04 10:36:30
JPMORGAN CHASE PLC,64190,19.8,15.3,60.9,26.4,43.4,53.8,31.1,68.9,18.4,81.6,23.1,76.9,51.3,48.7,10000+,2025-03-29 13:07:44
BENTLEY SYSTEMS INC.,74300,23.7,19.1,66.5,30.3,48.1,58.5,29.3,70.7,17.6,82.4,22.3,77.7,53.2,46.8,1000-4999,2025-04-05 14:22:18
COVENTRY UNIVERSITY,73100,25.4,20.2,68.1,31.8,50.2,60.7,27.1,72.9,15.7,84.3,27.0,73.0,54.9,45.1,500-999,2025-03-22 10:15:33
THE NATIONAL HEALTH SERVICE,74900,21.5,16.7,57.3,23.8,42.1,53.3,31.3,68.7,19.0,81.0,24.4,75.6,49.4,50.6,10000+,2025-04-07 17:39:12
PETERBOROUGH CITY COUNCIL,64190,18.2,12.6,55.8,19.9,41.7,51.2,33.3,66.7,18.5,81.5,24.0,76.0,48.6,51.4,500-999,2025-03-15 12:42:28
VISA EUROPE PLC,64190,24.3,18.8,64.7,28.1,47.1,57.4,29.7,70.3,17.9,82.1,22.8,77.2,52.7,47.3,1000-4999,2025-04-01 16:28:43
CATERHAM HOLDINGS PLC,74300,20.4,16.1,59.8,24.5,43.5,54.9,31.9,68.1,18.8,81.2,24.0,76.0,51.1,48.9,250-499,2025-04-09 13:50:35
BANK OF SCOTLAND PLC,64190,16.9,13.1,58.1,23.1,40.9,51.8,32.7,67.3,19.6,80.4,24.3,75.7,50.1,49.9,10000+,2025-03-26 09:10:59
FRENCH FINANCE SERVICES,64190,19.6,15.6,58.9,23.7,42.4,52.9,31.8,68.2,18.3,81.7,23.5,76.5,51.2,48.8,500-999,2025-04-03 15:49:14
EAST MIDLANDS HEALTH AUTHORITY,74900,22.1,17.3,56.7,22.4,42.2,53.7,33.1,66.9,18.9,81.1,24.1,75.9,49.1,50.9,1000-4999,2025-04-06 12:53:31
THE ROYAL HOLLOWAY UNIVERSITY,73100,23.8,18.4,64.2,28.7,47.4,57.8,29.2,70.8,17.7,82.3,22.5,77.5,52.4,47.6,500-999,2025-04-02 18:10:26
OXFORD UNIVERSITY,73100,18.7,13.8,57.6,21.9,40.1,51.4,33.3,66.7,20.1,79.9,24.8,75.2,51.0,49.0,1000-4999,2025-03-28 11:37:54
CITY AND URBAN PLANNING,73100,21.2,17.0,61.3,26.9,45.0,54.2,30.2,69.8,18.0,82.0,23.1,76.9,52.5,47.5,500-999,2025-04-08 15:06:42
THE INSTITUTE OF CHARtered ACCOUNTANTS,73100,22.5,17.9,60.7,27.2,44.2,55.1,31.0,69.0,18.7,81.3,23.3,76.7,50.8,49.2,500-999,2025-03-21 17:45:30
THE FARMERS GROUP COMPANY LIMITED,75200,25.7,20.9,68.4,32.5,50.5,60.3,26.3,73.7,15.1,84.9,27.6,72.4,54.0,46.0,500-999,2025-04-05 15:21:19
HARRODS LIMITED,74200,19.3,15.5,62.1,28.4,47.8,57.2,29.8,70.2,17.4,82.6,22.7,77.3,53.5,46.5,1000-4999,2025-03-18 11:33:47
THE WESTERN REGIONAL HEALTH BOARD,74900,23.4,18.1,63.2,29.3,46.8,56.4,30.4,69.6,18.2,81.8,23.2,76.8,52.9,47.1,500-999,2025-04-01 09:17:20
LONDON SCHOOL OF ECONOMICS,73100,20.1,15.9,59.4,24.8,43.7,54.2,32.1,67.9,18.5,81.5,24.0,76.0,51.6,48.4,500-999,2025-04-04 14:34:51
ST GEORGE'S HOSPITAL,74900,26.1,20.4,68.8,31.6,51.3,61.2,26.8,73.2,15.4,84.6,26.3,73.7,54.6,45.4,1000-4999,2025-03-29 10:22:11
NATIONAL TRUST,74900,21.8,16.9,58.7,23.5,41.9,52.6,32.6,67.4,19.1,80.9,23.7,76.3,49.7,50.3,500-999,2025-04-07 16:45:09
BARNET CITY COUNCIL,64190,17.6,12.3,55.1,21.4,40.7,51.0,34.0,66.0,19.3,80.7,24.6,75.4,48.8,51.2,500-999,2025-03-26 13:15:02
THE UNIVERSITY OF SHEFFIELD,73100,22.4,17.5,61.9,28.6,46.3,56.7,30.3,69.7,18.1,81.9,23.7,76.3,51.8,48.2,1000-4999,2025-04-03 11:40:35
THE ROYAL YOUNG DOCTORS,74900,24.5,19.0,65.8,30.7,47.5,58.3,29.1,70.9,17.8,82.2,23.8,76.2,52.6,47.4,500-999,2025-04-09 14:20:48
THOMSON REUTERS PLC,73100,26.6,21.1,70.2,31.5,51.9,62.1,26.1,73.9,15.4,84.6,26.8,73.2,55.0,45.0,1000-4999,2025-03-20 09:58:27
THE MUSEUM OF BIRMINGHAM,73100,23.9,18.2,62.4,28.9,46.7,57.3,30.6,69.4,17.9,82.1,23.3,76.7,51.4,48.6,500-999,2025-04-02 13:09:16
THE BRISTOL UNIVERSITY,73100,19.0,14.7,58.5,23.6,42.3,53.0,32.8,67.2,18.6,81.4,23.7,76.3,50.7,49.3,1000-4999,2025-04-05 18:23:39
MIDDLESEX UNIVERSITY,73100,21.4,16.8,60.1,25.2,44.5,55.3,31.2,68.8,18.4,81.6,23.0,77.0,51.9,48.1,500-999,2025-03-24 11:34:09
ROYAL HOSPITAL,74900,24.7,19.8,66.8,30.4,48.4,59.2,29.1,70.9,17.6,82.4,23.9,76.1,52.1,47.9,1000-4999,2025-04-08 15:52:44
UK BREEDERS CLUB,75200,26.3,21.2,68.6,31.9,50.9,61.7,26.5,73.5,15.2,84.8,27.0,73.0,54.3,45.7,500-999,2025-03-22 12:18:05
GREAT BRITAIN PUBLISHING GROUP,73100,25.2,20.6,67.3,31.1,49.7,59.5,27.4,72.6,15.9,84.1,26.4,73.6,54.9,45.1,500-999,2025-04-01 16:40:22
BRIGHTON UNIVERSITY,73100,20.8,16.2,61.4,27.1,44.8,55.5,31.4,68.6,18.1,81.9,23.4,76.6,52.0,48.0,500-999,2025-04-03 10:09:13
THE TUBE COMPANY LIMITED,73100,23.1,18.5,63.7,29.6,47.2,56.9,29.7,70.3,17.5,82.5,22.6,77.4,53.5,46.5,500-999,2025-03-28 13:33:32
WIMBLEDON FOOTBALL CLUB,75200,24.9,20.3,66.4,30.8,48.1,58.7,29.5,70.5,17.7,82.3,23.2,76.8,51.9,48.1,500-999,2025-04-06 09:14:26
THE HENNESSY CONSULTENCY LIMITED,73100,27.5,22.8,70.9,32.7,52.1,62.4,25.9,74.1,16.2,83.8,27.1,72.9,55.6,44.4,250-499,2025-04-04 17:05:38
THE ROYAL COLLEGE OF SURGEONS,73100,21.3,16.5,59.5,23.6,42.5,53.2,31.8,68.2,19.2,80.8,23.0,77.0,50.5,49.5,500-999,2025-03-19 15:53:40