MISHCON DE REYA GROUP (OPERATIONS) LIMITED,2511,34.8,25.9,78.2,29.5,52.3,68.1,26.8,78.3,16.4,85.6,28.2,75.5,53.2,45.6,500-999,2025-04-05 09:45:12
ST JAMES'S PLACE WEALTH MANAGEMENT LIMITED,64209,28.2,20.9,72.1,25.8,54.9,61.4,24.2,75.9,14.5,83.4,26.8,72.9,51.9,42.9,1000-1999,2025-04-06 14:32:01
CITADEL LIMITED,7020,31.4,24.5,79.5,31.9,56.1,65.4,27.3,77.2,15.6,86.3,29.1,74.8,54.3,46.2,500-999,2025-04-03 10:20:56
WHIRLPOOL UK APPLIANCES LIMITED,3511,35.6,26.7,80.3,30.5,53.5,69.9,28.2,79.1,17.4,88.2,30.5,76.2,55.9,48.3,2000-4999,2025-04-07 11:14:25
SILVERFROG LIMITED,7020,29.9,22.1,75.6,28.3,52.8,62.9,25.5,76.4,14.9,84.8,27.7,73.1,50.5,43.9,500-999,2025-04-08 15:38:42
JAMES COOK & CO LIMITED,64209,32.1,25.3,77.9,29.8,54.7,63.5,26.8,78.9,16.2,85.9,28.5,75.3,52.5,45.1,1000-1999,2025-04-03 11:51:19
TRINITY HOSPITALS GROUP LIMITED,85110,30.8,24.2,74.9,27.9,56.5,66.4,26.2,79.3,15.5,87.2,28.3,74.1,53.8,47.5,500-999,2025-04-09 09:11:13
PIMCO UK LIMITED,7020,36.3,27.9,81.4,32.1,55.3,70.8,30.5,80.5,18.3,89.2,31.9,77.9,56.8,51.2,2000-4999,2025-04-08 14:47:21
FINRA LIMITED,7020,28.5,21.3,75.1,26.8,51.4,64.1,24.9,77.3,14.2,85.5,26.7,73.9,49.5,41.7,500-999,2025-04-10 12:03:49
HARRIS FARMER LIMITED,64209,33.4,26.1,78.9,30.7,53.7,67.4,27.9,79.8,17.1,86.6,29.3,76.5,54.3,46.9,1000-1999,2025-04-09 15:41:51
PJT PARTNERS LIMITED,7020,35.1,26.4,80.5,31.4,55.8,69.2,29.2,80.4,17.8,88.5,30.8,78.2,56.7,49.1,2000-4999,2025-04-05 12:49:10
HAMPSHIRE COUNTY COUNCIL,85110,29.2,22.8,74.3,27.3,54.3,62.5,25.6,77.4,14.6,85.1,27.1,73.7,51.3,43.5,1000-1999,2025-04-06 09:33:42
INDEPENDENT FINANCIAL RISKS LIMITED,7020,32.6,25.8,77.2,29.5,55.2,63.8,27.3,79.4,16.5,86.1,28.8,75.5,53.5,46.1,500-999,2025-04-08 11:51:51
BLOMBERG LLP,85110,30.4,24.5,78.3,28.8,56.3,65.4,26.4,80.4,15.7,88.3,28.5,76.9,54.3,48.2,2000-4999,2025-04-05 12:42:15
KPMG LLP,7020,34.9,26.8,79.8,31.3,54.1,67.9,28.9,80.5,17.3,88.6,30.4,77.3,56.4,50.3,2000-4999,2025-04-09 11:19:16
BREAKSPEAR GROUP LIMITED,64209,29.6,22.9,75.4,27.6,52.3,63.7,25.9,78.1,14.8,85.5,27.3,74.1,50.9,43.3,500-999,2025-04-03 09:11:21
BANK OF AMERICA MERRILL LYNCH (UK) LIMITED,7020,31.9,25.3,78.9,29.8,55.5,66.2,27.3,81.1,16.3,89.4,29.1,78.2,54.8,48.9,2000-4999,2025-04-06 13:57:11
KINGFISHER PLC,3511,36.7,28.1,81.9,33.5,57.3,71.1,31.2,82.5,19.2,91.3,32.5,80.3,59.2,53.9,5000+,2025-04-09 10:22:49
J. SAINSBURY PLC,3511,34.3,26.4,78.3,30.6,54.6,67.4,28.4,80.8,17.9,88.9,30.1,78.3,55.7,49.4,5000+,2025-04-10 12:07:31
M&S BANK LIMITED,7020,28.8,21.5,75.6,26.5,52.7,64.4,24.9,78.5,14.4,86.1,26.3,73.9,50.3,42.1,500-999,2025-04-07 11:05:13
WPP PLC,7020,35.5,27.4,81.2,32.3,56.2,70.1,30.6,81.3,18.5,89.8,31.8,79.3,58.3,52.9,5000+,2025-04-05 14:35:31
BT GROUP PLC,64209,27.4,20.3,74.9,26.2,53.3,62.9,24.5,78.9,13.9,86.6,26.1,72.9,49.1,41.5,5000+,2025-04-03 08:45:51
ROLLS-ROYCE HOLDINGS PLC,3511,32.2,24.9,78.2,29.6,54.9,65.2,27.1,80.7,16.1,88.1,28.4,76.9,53.4,47.8,5000+,2025-04-09 10:54:28
AECOM UK LIMITED,85110,29.1,22.6,75.8,27.5,55.1,62.8,25.8,79.4,14.7,86.5,27.3,74.3,50.5,43.1,500-999,2025-04-08 09:23:42
NEWCASTLE CITY COUNCIL,85110,30.2,24.1,77.3,28.3,56.3,65.8,26.4,80.7,15.9,88.9,28.5,76.5,54.2,48.1,500-999,2025-04-09 11:02:41
HARRIS ASSOCIATES LIMITED,7020,31.6,25.1,79.2,30.2,54.8,65.3,27.5,80.6,16.4,88.4,29.2,78.2,54.5,49.2,500-999,2025-04-10 08:56:51
TAYLOR WIMPEY PLC,3511,35.9,27.6,82.3,33.8,58.1,71.5,31.4,84.1,19.6,92.8,32.9,81.8,61.1,54.8,5000+,2025-04-05 13:14:38
GLAXOSMITHKLINE PLC,3511,33.1,25.9,79.6,31.2,55.6,68.1,29.4,82.2,17.6,90.1,30.8,79.5,57.4,50.4,5000+,2025-04-06 10:11:40
WAITROSE & PARTNERS LIMITED,64209,28.1,21.4,74.8,26.8,53.1,63.9,25.2,79.4,14.1,87.2,26.6,74.1,50.1,42.9,500-999,2025-04-03 09:28:22
APPLE UK LIMITED,7020,36.4,28.5,82.9,34.3,57.8,72.3,32.1,84.5,20.1,94.2,33.7,82.8,62.2,55.4,5000+,2025-04-08 13:27:29
BELRON INTERNATIONAL LIMITED,7020,30.8,24.9,79.9,30.6,56.4,65.5,27.6,81.9,16.5,91.2,29.3,80.6,55.9,50.2,2000-4999,2025-04-09 14:49:11
LONDON BOROUGH OF SUTTON,85110,28.5,21.6,75.5,26.9,52.9,64.2,25.2,79.2,14.3,87.3,26.5,74.3,50.7,43.1,1000-1999,2025-04-10 13:29:11
ARUP GROUP LIMITED,7020,33.8,26.3,80.3,30.9,55.3,68.2,28.6,82.3,18.1,90.6,30.8,80.3,57.5,50.4,2000-4999,2025-04-09 09:19:19
EDEN COURT SOCIETY LIMITED,85110,31.3,24.7,78.4,29.3,55.9,64.7,27.1,81.4,16.1,89.8,28.8,78.3,54.6,49.2,500-999,2025-04-08 14:45:59
AEGON UK LIMITED,7020,34.2,26.9,80.8,31.8,56.9,70.6,30.4,83.4,18.5,92.1,31.9,82.5,60.5,54.2,2000-4999,2025-04-09 11:17:11
INFORMATION RESOURCES LIMITED,7020,30.5,24.4,79.1,30.1,55.6,65.2,27.3,81.9,16.3,91.3,29.2,80.4,55.9,50.4,2000-4999,2025-04-07 09:41:11
BENTLEY MOTORS LIMITED,3511,32.9,25.7,80.1,31.2,56.4,68.5,29.5,82.9,17.9,91.5,30.7,81.1,58.3,52.8,500-999,2025-04-03 11:31:19
LEXICO LIMITED,7020,27.7,20.5,75.3,26.1,52.8,62.7,24.7,79.2,13.9,87.5,26.2,73.9,49.3,41.9,500-999,2025-04-08 13:42:51
ROBERT BOSCH LIMITED,7020,31.1,24.6,78.1,29.5,55.1,64.8,26.9,80.8,16.1,89.3,28.5,78.2,53.5,48.1,2000-4999,2025-04-09 08:44:41
BARCLAYS BANK PLC,7020,35.9,27.3,82.1,32.6,57.9,71.1,31.4,84.5,19.6,94.2,33.5,83.5,62.9,56.9,5000+,2025-04-10 14:37:59
COCA-COLA EUROPE SERVICES LIMITED,3511,36.1,28.3,82.6,34.2,60.5,72.4,32.5,86.3,20.5,96.9,34.6,85.8,66.2,58.8,5000+,2025-04-09 11:49:51
HSBC UK BANK PLC,7020,34.5,26.6,81.4,31.9,57.5,70.4,30.7,84.1,19.1,94.8,32.1,83.1,62.9,55.5,5000+,2025-04-08 08:35:49
BARCLAY'S CAPITAL LIMITED,7020,32.8,25.9,80.6,30.9,56.5,67.2,29.1,82.9,17.6,91.3,30.6,81.9,57.3,51.1,2000-4999,2025-04-05 11:44:19