"MISHCON DE REYA GROUP (OPERATIONS) LIMITED",64209,28.2,35.9,75.5,45.6,54.9,60.1,23.5,65.3,19.2,85.7,28.4,76.2,52.3,42.5,500-999,2024-09-12 14:32:45
"PFIZER LIMITED",66191,33.8,29.5,82.9,22.1,59.9,75.6,26.8,73.4,22.5,88.6,30.2,81.9,58.3,47.1,1000-2499,2024-07-16 08:02:42
"IMPERVA LTD",66191,20.3,25.1,70.3,30.9,53.9,62.6,20.4,66.9,18.8,77.5,21.5,69.4,51.9,40.9,500-999,2024-06-20 16:50:21
"SIEMENS LIMITED",29190,31.6,38.3,79.2,42.1,58.5,64.8,25.6,71.9,24.4,83.8,27.2,78.1,56.7,45.1,1000-2499,2024-10-09 12:05:18
"HENKEL LIMITED",28100,26.8,33.5,76.6,34.7,55.1,65.3,22.8,70.2,20.5,80.5,23.5,73.2,53.9,42.7,500-999,2024-08-21 13:47:32
"CATALYST COMMUNICATIONS GROUP PLC",73110,35.9,25.6,85.1,24.5,60.9,73.4,28.5,74.8,26.2,87.1,30.1,82.4,61.3,49.1,2500-4999,2024-11-18 15:53:29
"BAE SYSTEMS PLC",30200,29.4,37.2,78.9,39.5,57.9,66.1,24.8,72.5,22.3,83.1,25.9,76.8,56.3,45.7,1000-2499,2024-12-03 11:24:19
"BARCLAYS BANK PLC",64191,24.6,31.9,72.5,28.8,54.7,63.0,20.2,69.4,18.9,76.2,21.2,70.4,52.9,40.3,1000-2499,2024-05-22 17:06:11
"GSK plc",66191,32.4,27.8,80.3,26.2,58.1,70.2,26.6,72.9,24.2,84.6,27.9,80.1,57.3,47.3,1000-2499,2024-09-24 14:41:35
"ROYAL MAIL GROUP LIMITED",64209,30.8,22.5,77.4,21.9,56.7,70.4,25.6,74.3,23.3,84.8,26.6,79.2,58.6,45.9,500-999,2024-10-01 10:13:49
"WFP GROUP LIMITED",66191,22.8,29.3,70.9,31.6,53.6,62.3,20.7,68.5,19.2,77.7,21.9,71.4,51.4,40.1,500-999,2024-07-25 11:41:15
"REDBOX LIMITED",66191,29.4,24.9,75.9,20.5,56.4,68.4,25.1,72.6,22.8,83.5,26.3,78.1,55.9,43.8,500-999,2024-05-15 14:35:46
"CAPITA PLC",74120,26.3,30.6,74.8,29.4,55.5,63.2,21.9,69.9,19.3,76.5,22.5,70.7,52.8,41.4,1000-2499,2024-06-27 16:21:51
"TELEFONICA UK LIMITED",64209,25.1,26.6,72.1,26.4,54.0,61.3,20.6,68.8,19.1,75.9,21.3,69.4,51.4,39.9,500-999,2024-09-17 15:46:54
"MERCK SHARP & DOHME LTD",66191,31.5,28.2,80.5,25.5,59.1,71.4,26.1,74.7,23.9,84.9,27.3,79.8,58.1,46.2,1000-2499,2024-11-05 12:45:11
"SAFRAN AIRCRAFT ENGINES LIMITED",29190,28.9,34.6,76.5,36.9,56.9,65.9,23.5,71.2,21.4,79.8,24.9,74.9,53.2,42.6,1000-2499,2024-08-14 09:56:22
"RSA INSURANCE GROUP LIMITED",65191,24.9,32.8,71.8,34.5,53.6,62.8,20.8,69.5,19.3,76.5,21.7,71.9,51.9,40.1,500-999,2024-04-25 10:33:58
"BT GROUP PLC",64209,29.2,27.7,75.8,25.6,56.4,68.3,25.2,72.4,22.9,83.3,25.9,78.3,57.9,44.7,1000-2499,2024-06-11 17:04:03
"IBM UK LIMITED",66191,33.1,29.4,83.3,26.3,60.2,73.9,27.7,75.6,25.3,88.2,28.6,81.7,62.3,48.3,1000-2499,2024-09-19 13:51:36
"CLARKE WILLMOT WYBRECH & WESTHEAD LLP",64209,27.6,29.4,76.2,28.5,55.3,63.6,23.4,71.8,21.1,79.3,24.2,74.1,53.4,42.4,500-999,2024-12-15 17:24:37
"EROGLU & CO LIMITED",66191,25.9,25.1,72.8,24.2,54.1,62.1,21.5,69.7,19.6,76.9,22.3,70.9,51.8,39.8,500-999,2024-07-10 11:47:07
"ANIXTER LIMITED",66191,30.5,21.9,77.9,19.5,58.3,69.6,26.1,74.5,23.7,84.4,27.3,79.6,59.5,46.7,1000-2499,2024-04-19 14:53:55
"WATERSIDE GROUP LIMITED",66191,27.4,29.3,75.8,28.6,55.7,64.2,23.8,72.3,21.7,79.7,24.5,75.5,54.6,43.1,500-999,2024-06-04 15:20:50
"AVIVA PLC",65191,23.8,31.8,69.6,30.4,52.9,61.6,20.1,68.5,18.8,75.5,20.9,69.9,50.6,38.6,1000-2499,2024-08-06 17:03:44
"DELOITTE UK LIMITED",66191,32.6,26.8,81.8,25.3,60.4,72.8,27.4,76.8,25.1,89.3,28.3,82.3,62.4,50.1,1000-2499,2024-05-14 16:40:19
"BBC PUBLISHING SERVICES LIMITED",64303,26.7,25.3,74.4,25.9,53.9,61.3,22.2,70.2,20.4,77.4,23.1,72.3,52.3,40.1,500-999,2024-11-28 12:43:51
"THE CO-OPERATIVE BANK PLC",65191,25.5,28.9,71.3,31.3,53.6,61.8,20.9,68.6,19.2,75.8,21.6,70.4,51.1,39.8,500-999,2024-04-10 10:02:38
"BALKAN TURIZAM D.O.O. (LONDON BRANCH)",64209,29.1,24.1,75.1,20.8,56.1,66.2,25.6,72.5,22.9,83.6,26.2,78.4,57.4,44.9,500-999,2024-06-18 14:46:25
"HITACHI CAPITAL (UK) LIMITED",66191,26.5,26.5,73.8,26.6,54.3,62.9,21.9,70.5,19.5,76.9,22.6,72.8,51.6,40.4,500-999,2024-10-29 10:56:51
"UNILEVER PLC",64209,28.6,30.5,77.3,31.8,56.4,65.2,24.3,72.1,21.9,79.3,25.4,74.8,54.1,43.3,1000-2499,2024-09-11 13:29:49
"MICROSOFT UK LIMITED",66191,32.2,28.3,82.5,28.5,59.6,72.5,27.1,75.6,24.6,87.1,28.6,82.3,61.8,49.6,1000-2499,2024-05-31 10:10:57
"G4S PLC",66191,26.1,25.8,73.4,27.2,53.9,61.4,21.5,69.7,19.3,76.9,22.2,70.6,50.9,39.6,1000-2499,2024-08-22 17:44:49
"ABB LIMITED",29190,27.8,29.3,76.3,28.8,55.5,63.8,22.9,71.9,21.1,78.5,23.8,74.9,53.6,42.1,1000-2499,2024-05-23 16:32:16
"BAE SYSTEMS AIRCRAFT LTD",30200,30.3,34.4,78.2,39.2,57.5,66.9,25.8,74.1,23.5,83.1,26.6,79.4,58.3,46.7,1000-2499,2024-10-25 13:47:21
"SMITH AND NEPHEW LIMITED",66191,22.9,24.1,69.7,23.5,52.4,59.9,20.2,67.3,19.1,74.5,21.3,68.4,49.1,37.6,500-999,2024-09-05 10:58:16
"ABBOTT LIMITED",66191,31.3,26.7,80.3,26.1,59.4,71.6,27.5,75.2,24.9,85.7,28.4,81.2,61.3,49.3,1000-2499,2024-07-19 11:23:29
"TRUSTCARE LIMITED",66191,29.8,20.4,75.5,18.8,56.4,65.3,26.5,73.4,23.8,84.2,27.3,78.5,58.8,46.2,500-999,2024-12-11 17:42:39
"SYNOPSYS LIMITED",66191,25.4,29.6,71.7,32.8,53.6,60.4,20.9,68.7,19.4,76.2,21.6,70.1,50.8,38.9,500-999,2024-10-22 17:30:38
"ASTRAZENECA PLC",66191,32.8,31.4,82.9,33.9,60.4,71.3,28.3,78.4,25.6,89.8,29.9,84.4,64.7,52.3,1000-2499,2024-04-18 10:08:42
"DORCHESTER SECURITIES LIMITED",66191,26.2,25.1,74.9,25.9,54.5,61.9,22.2,70.3,20.4,77.7,23.1,72.1,52.1,40.4,500-999,2024-08-01 16:50:09
"UK DOMESTIC WATER LIMITED",64209,28.5,24.5,76.3,20.7,56.3,66.8,25.9,72.6,23.2,83.8,26.3,78.4,58.1,44.7,500-999,2024-11-20 15:36:13