MISHCON DE REYA GROUP (OPERATIONS) LIMITED,64209,-2.3,12.1,28.1,46.0,65.1,24.5,53.9,79.8,29.3,59.4,85.0,19.0,89.0,60.0,40.0,500-999,2024-09-18 09:30:19
BERLIN ZEITGESPRÄCHE (UK) LTD,64209,15.7,20.6,40.5,52.7,65.3,28.0,59.0,81.9,20.9,62.0,89.0,21.0,79.0,55.0,45.0,500-999,2024-05-28 11:00:01
CHARLES RYDER (OPERATIONS) LIMITED,64209,22.4,13.6,46.0,43.4,65.6,24.7,59.0,85.9,23.5,69.0,91.0,18.0,85.0,60.0,40.0,500-999,2024-07-05 13:00:18
TAYLOR JOHNSON SOLICITORS (UK)LTD,64209,10.9,18.5,35.1,49.7,65.9,28.0,55.0,77.9,28.9,60.0,87.0,22.0,81.0,63.0,38.0,500-999,2024-04-12 15:00:42
LEONARD GREEN & PARTNERS LLP,64209,8.4,24.2,29.4,50.3,65.1,25.0,54.0,82.0,24.2,58.9,87.0,20.0,79.0,56.0,42.0,500-999,2024-06-21 10:00:58
GARDEN COURT CHAMBERS,64209,14.9,17.6,42.1,51.8,64.0,28.0,55.0,79.3,25.2,63.0,89.0,20.0,81.0,60.0,40.0,500-999,2024-03-01 12:00:15
HUGH JAMES SOLICITORS LLP,64209,13.1,22.8,36.0,48.7,66.3,27.0,57.0,80.1,26.4,64.0,88.0,23.0,80.0,62.0,38.0,500-999,2024-07-25 11:00:59
KING JONES,64209,16.4,17.7,44.8,53.2,65.1,25.0,56.0,83.9,21.9,66.0,89.0,18.0,83.0,64.0,40.0,500-999,2024-02-01 14:00:11
BURR WASS LTD,64209,9.2,21.4,33.1,48.1,65.0,25.0,53.0,79.0,24.3,61.0,87.0,21.0,79.0,59.0,41.0,500-999,2024-08-08 09:30:00
STEPHENSON COX,64209,11.8,13.3,38.1,47.6,65.0,26.0,54.0,82.0,27.7,63.0,89.0,22.0,81.0,62.0,38.0,500-999,2024-05-30 10:00:31
PANNONE & PARTNERS LLP,64209,17.6,18.9,43.3,53.3,65.0,28.0,56.0,84.4,22.7,65.0,89.0,19.0,83.0,65.0,42.0,500-999,2024-03-14 13:00:55
BENNETTS STANLEY LTD,64209,7.5,25.2,27.5,50.8,65.2,25.0,54.0,81.9,25.8,58.0,88.0,19.0,81.0,59.0,41.0,500-999,2024-06-19 12:00:48
TAYLOR HOPKINSON LLP,64209,12.8,15.2,40.3,48.1,65.1,27.0,55.0,82.9,23.8,63.0,88.0,21.0,80.0,61.0,39.0,500-999,2024-04-18 11:00:34
STEPHENSON TURNER,64209,15.2,10.8,41.3,50.8,65.2,27.0,55.0,80.9,25.2,63.0,89.0,20.0,81.0,64.0,40.0,500-999,2024-02-22 13:00:24
JOHN GOOD,64209,6.9,27.6,31.1,48.9,65.1,25.0,56.0,80.4,26.5,62.0,88.0,19.0,82.0,59.0,41.0,500-999,2024-08-15 10:00:56
ORRICK, HERRINGTON & SUTCLIFFE (UK) LLP,64209,13.8,16.8,37.9,49.8,65.4,27.0,55.0,82.8,26.0,64.0,89.0,22.0,81.0,63.0,39.0,500-999,2024-06-06 11:00:11
CHURCHILL WELDING LTD,64209,14.6,20.3,40.9,51.3,65.3,25.0,57.0,82.3,23.7,65.0,89.0,20.0,82.0,64.0,40.0,500-999,2024-05-09 14:00:38
BURTONS,64209,18.4,12.8,46.1,45.6,65.6,25.0,56.0,84.1,24.6,65.0,89.0,20.0,83.0,62.0,40.0,500-999,2024-07-11 11:00:32
BRIAN JAYES & COMPANY LTD,64209,10.6,26.8,32.8,47.1,65.0,25.0,53.0,81.7,25.7,61.0,87.0,21.0,79.0,58.0,41.0,500-999,2024-03-20 13:00:14
STEPHENSON TURNER LLP,64209,12.3,14.9,39.5,48.4,65.3,27.0,54.0,81.4,25.8,64.0,89.0,22.0,81.0,62.0,38.0,500-999,2024-02-14 12:00:46
G.B.E. SYSTEMS LIMITED,64209,16.2,20.2,43.8,52.4,65.3,26.0,55.0,84.0,22.7,65.0,89.0,20.0,83.0,63.0,40.0,500-999,2024-04-11 10:00:19
BENNETTS STANLEY,64209,5.9,29.1,28.1,49.9,65.3,25.0,54.0,82.1,25.6,58.0,88.0,19.0,81.0,58.0,41.0,500-999,2024-03-28 12:00:51
HUGH JAMES SOLICITORS,64209,11.4,19.3,36.5,49.0,65.6,27.0,55.0,81.3,26.2,63.0,89.0,22.0,81.0,62.0,39.0,500-999,2024-06-13 11:00:42
TAYLOR JOHNSON SOLICITORS,64209,8.5,24.9,31.3,50.2,65.3,26.0,54.0,80.5,25.3,62.0,88.0,20.0,82.0,59.0,41.0,500-999,2024-08-22 13:00:57
BENNETTS STANLEY LLP,64209,14.8,13.1,41.5,46.6,65.4,27.0,55.0,84.3,24.0,64.0,89.0,20.0,82.0,63.0,40.0,500-999,2024-02-21 10:00:09
CHARLES RYDER,64209,9.9,14.7,35.8,49.4,65.0,25.0,54.0,82.9,26.5,62.0,88.0,22.0,80.0,60.0,38.0,500-999,2024-05-17 11:00:40
BENNETTS STANLEY LIMITED,64209,12.9,17.8,38.1,51.1,65.1,28.0,54.0,81.5,24.5,64.0,89.0,22.0,81.0,61.0,39.0,500-999,2024-08-01 13:00:17
HUGH JAMES SOLICITORS (LONDON) LLP,64209,20.4,18.1,47.4,48.7,65.5,27.0,57.0,83.5,23.7,66.0,89.0,21.0,82.0,62.0,40.0,500-999,2024-04-18 12:00:49
BURTONS LLP,64209,8.8,28.4,29.3,50.2,65.4,25.0,54.0,81.8,26.3,62.0,88.0,20.0,82.0,59.0,41.0,500-999,2024-08-29 14:00:55
STEPHENSON TURNER LIMITED,64209,16.1,15.3,40.9,49.5,65.1,25.0,56.0,83.1,24.2,66.0,89.0,20.0,84.0,65.0,42.0,500-999,2024-02-01 15:00:37
BRIAN JAYES & COMPANY,64209,19.2,14.4,45.1,47.4,65.4,27.0,55.0,84.6,24.3,65.0,89.0,22.0,82.0,64.0,40.0,500-999,2024-03-20 12:00:28
PANNONE & PARTNERS,64209,18.1,10.8,45.5,44.5,65.4,28.0,56.0,83.0,23.4,64.0,89.0,20.0,84.0,63.0,40.0,500-999,2024-07-11 14:00:46
CHARLES RYDER LLP,64209,13.6,18.3,38.5,50.6,65.4,26.0,55.0,82.2,24.8,63.0,89.0,21.0,81.0,61.0,40.0,500-999,2024-02-22 12:00:39
BERLIN ZEITGESPRÄCHE (UK) LTD,64209,18.5,14.8,44.1,47.6,65.2,28.0,56.0,84.8,22.2,65.0,89.0,20.0,84.0,63.0,40.0,500-999,2024-05-30 13:00:21
BURR WASS LIMITED,64209,11.4,20.9,35.9,49.7,65.3,25.0,54.0,81.0,25.6,62.0,88.0,22.0,80.0,59.0,41.0,500-999,2024-02-14 14:00:22
BURTENS SOLICITORS LTD,64209,8.1,25.3,31.1,49.7,65.3,25.0,54.0,80.6,24.2,62.0,88.0,21.0,81.0,59.0,41.0,500-999,2024-03-15 11:00:47
PANNONE & PARTNERS LLP,64209,15.3,18.4,42.6,51.7,65.0,28.0,56.0,83.0,23.6,65.0,89.0,20.0,83.0,65.0,42.0,500-999,2024-04-11 14:00:12
STEPHENSON TURNER LLP,64209,14.3,12.0,41.8,45.8,65.3,28.0,55.0,82.6,24.5,64.0,89.0,20.0,84.0,63.0,40.0,500-999,2024-05-02 13:00:08
S.TURNER LIMITED,64209,7.4,28.7,29.5,51.3,65.2,26.0,54.0,81.8,26.1,62.0,88.0,20.0,82.0,59.0,41.0,500-999,2024-08-29 13:00:25