MISHCON DE REYA GROUP (OPERATIONS) LIMITED,9982,45.1,38.9,92.1,45.6,57.8,68.9,22.8,83.2,19.9,96.5,31.4,82.1,58.3,45.5,1000-4999,2024-09-01 12:45:07
BELLWAY PLC,6393,27.8,19.5,59.7,25.1,52.5,61.9,24.7,69.3,20.1,75.6,26.3,72.1,52.9,39.0,10000+,2024-06-15 14:20:32
SEVERN TRENT WATER LIMITED,6512,41.9,35.7,85.6,40.9,54.2,65.3,23.4,81.1,18.9,91.5,30.1,88.9,54.7,42.1,5000-9999,2024-07-25 11:10:01
ELLISON PLUMBING SUPPLIES LIMITED,5220,33.1,26.3,75.5,32.1,56.7,64.2,21.3,78.9,21.1,87.5,28.5,85.1,57.3,41.9,1000-4999,2024-03-18 13:50:42
G4S PLC,6399,38.6,32.4,81.3,38.9,52.8,60.9,22.5,80.5,20.5,88.2,29.3,86.1,53.5,39.5,10000+,2024-08-22 10:40:16
COMPUTACENTER PLC,6311,44.9,39.2,89.7,44.5,55.6,65.8,24.1,85.9,20.3,95.1,31.7,92.3,56.1,44.8,10000+,2024-05-29 12:25:09
MARTIN MCCRANN LIMITED,4631,40.3,34.5,84.9,40.6,54.4,63.7,23.7,81.9,19.1,89.5,30.5,89.3,55.1,42.9,1000-4999,2024-02-01 15:00:02
AVIV COHEN (UK) LIMITED,64209,35.9,28.3,77.8,34.5,58.1,66.3,21.9,80.7,22.5,88.9,29.7,87.5,59.3,43.1,1000-4999,2024-09-19 11:35:41
WILKINSON EYRE BARRIOS LLP,6512,43.4,37.1,87.3,43.9,53.5,61.9,23.1,82.9,20.5,90.5,30.9,89.1,54.3,41.7,10000+,2024-04-16 14:40:11
PORTSMOUTH HOSPITALS NHS TRUST,8519,29.3,21.9,67.4,28.5,50.5,59.9,23.3,75.6,23.9,84.2,27.7,81.9,51.3,38.5,5000-9999,2024-06-27 10:00:02
REDROW PLC,6393,43.2,37.4,88.2,43.7,55.3,63.8,22.9,83.5,20.7,91.1,31.3,90.5,55.9,43.5,10000+,2024-10-03 13:20:05
Bircham Dyson Bell LLP,6512,39.9,34.2,83.5,39.5,53.8,62.5,23.9,80.2,20.7,86.5,30.3,85.7,54.5,40.3,10000+,2024-05-14 10:50:49
WATERSIDE PARTNERS LIMITED,5220,38.1,32.7,80.5,38.4,52.2,59.8,22.9,78.3,20.9,84.9,29.5,83.1,52.9,38.5,1000-4999,2024-08-07 14:05:58
COLLINGWOOD SECURITIES LTD,6399,42.3,36.1,86.5,42.9,54.6,62.2,23.7,81.3,21.1,89.3,30.9,88.1,55.5,41.3,1000-4999,2024-01-19 11:05:44
RATCLIFFE HAMPSHIRE LIMITED,6393,47.9,42.3,91.5,48.2,56.8,64.6,24.9,86.9,20.9,94.5,33.1,93.3,58.1,46.1,10000+,2024-05-28 12:10:45
RDE LIMITED,5220,32.5,25.7,73.3,31.9,55.9,63.7,21.5,77.2,22.7,84.4,28.1,82.3,57.1,41.5,1000-4999,2024-09-14 14:00:01
PANASONIC AVIONICS UK LIMITED,3310,36.2,29.4,78.9,36.5,57.3,65.2,22.9,80.7,23.1,88.3,30.3,87.1,59.1,42.9,1000-4999,2024-07-18 11:35:05
ARKLEYS LIMITED,4711,41.3,35.6,84.5,41.9,54.5,62.9,23.5,81.9,20.7,88.2,31.1,86.9,55.3,42.7,1000-4999,2024-06-04 13:05:01
GROUP 4 SECURICOR PLC,6399,40.6,34.9,83.2,40.9,53.2,60.5,23.3,80.1,22.1,86.9,30.5,85.5,53.9,40.1,10000+,2024-03-28 12:25:38
AVON PROPERTIES PLC,6393,48.2,43.5,92.8,48.6,57.9,64.9,24.7,87.9,21.1,95.1,33.7,94.3,59.3,47.5,10000+,2024-02-15 11:00:59
JOHN SWEENEY & CO LIMITED,5220,36.9,30.2,79.5,37.1,55.5,63.4,22.3,80.3,23.5,87.9,30.9,86.5,57.1,41.3,1000-4999,2024-08-20 14:20:43
BROOKS WOOLF LLP,6512,42.1,36.6,87.3,42.9,54.1,61.8,24.1,82.3,21.5,89.9,31.5,88.5,55.5,42.5,10000+,2024-06-12 10:10:23
ACADEMIA GROUP PLC,6399,45.5,40.8,91.4,45.8,56.3,64.2,25.1,86.5,20.5,94.2,32.9,93.3,58.5,45.7,10000+,2024-10-09 11:50:35
CHARTWELL MORTGAGES LIMITED,5220,31.9,25.1,72.1,31.5,53.8,61.9,21.9,76.7,23.3,83.5,28.3,82.1,54.1,39.5,1000-4999,2024-03-25 12:50:59
DAVIES AND CO LLP,6512,41.1,35.3,84.2,41.6,54.8,63.4,23.9,81.9,21.1,88.5,31.3,87.3,56.1,41.7,10000+,2024-04-05 11:15:49
WATSON BURTON LLP,6512,38.5,33.2,82.9,38.8,52.3,60.2,23.5,80.1,21.7,85.5,30.1,84.5,53.1,39.5,10000+,2024-07-11 10:40:25
HAMMOND LLP,6512,43.6,37.5,88.5,44.1,54.9,62.9,24.3,83.9,20.9,91.3,31.9,90.1,56.3,43.5,10000+,2024-09-26 13:05:02
KIRKLAND & ELLIS LLP,6512,34.9,28.1,76.4,35.1,56.5,64.1,22.3,79.5,23.3,85.9,29.7,84.5,58.1,41.7,10000+,2024-02-16 10:45:09
FARRER & CO LLP,6512,46.3,41.1,91.8,46.8,57.2,65.5,25.4,87.9,21.3,94.5,33.5,94.1,59.5,47.1,10000+,2024-08-16 12:30:03
BROWN CUNNINGHAM LLP,6512,39.4,33.9,83.1,39.6,53.4,61.7,23.3,80.7,22.1,86.3,30.5,85.5,54.1,40.3,10000+,2024-06-06 14:05:48
MAKIN HUGHES LLP,6512,44.2,38.5,89.5,44.9,55.5,63.5,25.1,85.5,21.9,92.1,32.5,91.3,57.9,45.5,10000+,2024-03-19 13:25:46
EDWIN COE LLP,6512,40.2,34.7,84.3,40.6,53.9,61.9,24.1,80.9,21.3,87.9,31.3,87.1,55.5,41.9,10000+,2024-01-09 14:05:35
FERNANDO'S (UK) LIMITED,5220,35.3,29.1,78.1,35.7,56.2,64.1,22.5,80.3,23.7,87.3,30.9,86.1,58.3,42.5,1000-4999,2024-04-11 11:20:21
ATAG GROUP (UK) LIMITED,6311,33.9,26.7,74.3,33.5,54.9,62.9,22.3,77.2,22.3,84.5,28.9,82.3,55.1,39.5,1000-4999,2024-06-20 14:40:42
GREENHILL LIMITED,5220,38.3,32.1,80.9,38.7,52.5,59.8,23.1,79.3,21.5,84.9,30.3,83.5,53.5,38.5,1000-4999,2024-02-22 14:15:49
LOCKE LORD LLP,6512,42.8,37.3,88.7,43.4,54.8,62.2,24.9,82.5,21.9,90.3,32.1,89.1,56.5,43.9,10000+,2024-09-05 12:50:02
HAN JUAN (UK) LIMITED,5220,30.5,24.1,70.1,30.9,51.4,58.4,22.9,75.1,24.1,82.3,28.1,80.3,51.1,36.9,1000-4999,2024-04-25 11:00:49
SLATER HEELIS LLP,6512,41.5,35.9,85.3,42.1,54.3,61.5,24.5,81.1,21.5,88.5,31.7,87.3,55.5,42.7,10000+,2024-07-24 14:20:38
BROOKS COTTON LIMITED,5220,36.7,30.5,79.1,36.9,56.1,63.7,23.3,80.5,23.5,87.9,30.9,86.5,57.9,42.1,1000-4999,2024-09-17 11:30:25
DR S RAY & CO LIMITED,4711,32.1,25.5,71.4,32.5,53.9,61.9,22.1,76.3,23.9,82.7,28.3,80.3,52.9,37.9,1000-4999,2024-08-28 13:55:49
BROWN SHIPLEY & CO LLP,6512,40.9,35.1,84.2,41.3,53.9,61.9,24.1,81.7,21.9,87.9,31.7,86.9,56.3,41.9,10000+,2024-01-22 14:45:31