2024,99999,CT,9150.0,9150708100.0,Conventional:Subordinate Lien,Single Family (1-4 Units):Site-Built,Not Hispanic or Latino,White,Male,File closed for incompleteness,32,25000.0,,,,3,,,,,,240,,,2,2,2,2,,1,1,3,5,1,,96.0,,1111,1111,2.0,5.0,2,4,5.0,8.0,2,4,1,5,2,4,65-74,9999,Yes,,1,1
2024,99999,WA,0470.0,0471912100.0,FHA,Single Family (1-4 Units):Site-Built,Hispanic or Latino,White,Male,Loan originated,12,320000.0,92.0,4.5,0.0,0,15000.0,2000.0,1000.0,2.0,15000.0,360,0,0,0,0,1,0,3,3,0,0,30.0,0.0,1111,1,0,1,1,1,1,1,1111,1111,1.0,5.0,0,5,0,9.0,0,1,0,0,0,32000,65,0,0,0,0,0,0,0,0,0,0,0,0,No,,0,0
2024,99999,NJ,0170.0,0170100600.0,VA,Single Family (1-4 Units):Site-Built,Not Hispanic or Latino,Black,Female,Application approved,12,450000.0,95.0,5.2,0.0,0,20000.0,3000.0,1500.0,3.0,20000.0,360,,,0,0,0,0,0,2,2,0,0,0,0,0,1111,1111,1.0,4.5,1,5,0,0,0,1,0,1,0,0,15,35-44,0,0,0,0,0,1,0,1,0,0,0,0,0,0,0,0,
2024,99999,GA,0090.0,0090400700.0,USDA Rural Development,Single Family (1-4 Units):Site-Built,Not Hispanic or Latino,White,Female,Loan originated,12,300000.0,81.0,3.8,0.0,0,10000.0,1500.0,700.0,1.5,10000.0,360,0,0,0,0,1,0,2,1,0,0,40.0,0.0,1111,2,0,1,0,1,1,1,1111,1111,4.0,5.0,0,5,1,7.0,1,1,0,0,0,35000,50,0,0,0,0,0,0,1,0,0,0,0,0,0,0,
2024,99999,TX,0970.0,0970100400.0,FHA,Single Family (1-4 Units):Site-Built,Hispanic or Latino,Unknown,Male,Application approved,12,275000.0,77.0,4.1,0.0,0,8000.0,1200.0,600.0,1.0,10000.0,180,,,1,0,0,1,1,2,2,0,1,0,0,1,1111,1111,3.0,4.0,1,5,1,0,1,1,0,0,0,65,15,0,0,0,0,0,0,0,0,0,0,0,0,0,0,
2024,99999,FL,0810.0,0810502100.0,Conventional:First Lien,Single Family (1-4 Units):Site-Built,Hispanic or Latino,White,Male,Loan originated,12,500000.0,90.0,5.0,0.0,0,17000.0,2500.0,1200.0,2.5,15000.0,360,0,0,0,0,0,1,1,1,0,0,44.0,0.0,1111,1,0,1,1,0,0,1,1111,1111,2.0,4.8,0,5,0,10.0,0,1,0,1,0,50000,25,0,0,0,0,1,0,0,0,0,0,0,0,0,1,
2024,99999,MI,0370.0,0370100800.0,FHA,Single Family (1-4 Units):Site-Built,Not Hispanic or Latino,White,Female,Loan originated,20,350000.0,80.0,4.4,0.0,0,9000.0,1300.0,800.0,1.2,10000.0,180,0,0,0,0,1,1,2,2,0,1,34.0,0.0,1111,1111,1.0,4.5,0,5,0,0,0,1,0,0,0,35,0,0,0,0,0,0,1,0,0,0,0,0,0,0,0,0,
2024,99999,CA,0550.0,0550704000.0,Conventional:Second Lien,Single Family (1-4 Units):Site-Built,Hispanic or Latino,Mixed Race,Female,Loan originated,12,600000.0,95.0,5.8,0.0,0,20000.0,2800.0,1500.0,3.0,16000.0,360,0,0,0,0,1,0,2,2,0,1,38.0,0.0,1111,1111,1.0,4.6,2,5,1,0,1,1,0,1,0,25,0,0,0,0,0,0,0,0,0,0,0,0,0,0,0,0,
2024,99999,WI,0250.0,0250100600.0,Conventional:First Lien,Single Family (1-4 Units):Site-Built,Not Hispanic or Latino,White,Male,Preapproval denied,20,330000.0,93.0,4.8,0.0,0,13000.0,2000.0,1000.0,2.0,17000.0,360,0,0,0,0,0,0,1,1,0,0,28.0,0.0,1111,1111,2.0,4.5,0,5,0,1,0,1,0,1,0,50,0,0,0,0,0,0,0,0,0,0,0,0,0,0,0,0,
2024,99999,IN,0110.0,0110104800.0,USDA Rural Development,Single Family (1-4 Units):Site-Built,Not Hispanic or Latino,White,Male,Loan originated,10,200000.0,75.0,3.6,0.0,0,7000.0,1000.0,500.0,1.0,6500.0,360,0,0,0,0,0,1,2,1,0,0,26.0,0.0,1111,1111,3.0,5.0,0,5,0,7.0,0,1,0,0,0,30000,55,1,0,0,0,0,0,0,0,0,0,0,0,0,0,
2024,99999,MD,0090.0,0090400700.0,FHA,Single Family (1-4 Units):Site-Built,Hispanic or Latino,Mixed Race,Male,Loan originated,12,300000.0,87.0,4.2,0.0,0,11000.0,1600.0,900.0,1.5,12000.0,360,0,0,0,0,1,0,2,2,0,1,32.0,0.0,1111,1111,3.0,4.5,0,5,1,0,1,1,0,0,0,30,0,0,0,0,0,0,0,0,0,0,0,0,0,0,0,0,
2024,99999,OR,0850.0,0850300800.0,VA,Single Family (1-4 Units):Site-Built,Not Hispanic or Latino,White,Female,Loan originated,12,375000.0,91.0,4.7,0.0,0,12000.0,1800.0,1100.0,2.0,8500.0,180,0,0,0,0,0,0,1,2,0,1,38.0,0.0,1111,1111,5.0,5.0,3,5,0,7.0,0,1,0,1,0,40000,30,0,0,0,0,0,0,0,0,0,0,0,0,0,0,
2024,99999,IL,0170.0,0170100600.0,USDA Rural Development,Single Family (1-4 Units):Site-Built,Hispanic or Latino,Hispanic,Male,Loan originated,12,450000.0,95.0,5.5,0.0,0,16000.0,2200.0,1300.0,2.5,10000.0,360,0,0,0,0,1,0,2,1,0,0,36.0,0.0,1111,1111,3.0,4.5,1,5,1,9.0,0,1,0,0,0,65000,25,0,0,0,0,1,0,0,0,0,0,0,0,0,0,
2024,99999,NC,0150.0,0150302100.0,FHA,Single Family (1-4 Units):Site-Built,Not Hispanic or Latino,White,Male,Preapproval approved,12,480000.0,88.0,4.9,0.0,0,18000.0,2400.0,1400.0,2.5,15000.0,360,0,0,0,0,0,0,1,1,0,0,33.0,0.0,1111,1,0,0,1,0,1,1,1111,1111,4.0,4.5,0,5,1,8.0,0,1,0,0,0,52000,45,0,0,0,0,1,0,0,0,0,0,0,0,0,0,
2024,99999,KY,0670.0,0670506200.0,Conventional:First Lien,Single Family (1-4 Units):Site-Built,Not Hispanic or Latino,White,Male,Approved but not accepted,10,220000.0,65.0,3.8,0.0,0,9000.0,1300.0,600.0,1.3,11000.0,180,,0,0,0,0,1,1,2,1,0,0,30.0,0.0,1111,1,0,0,0,0,1,1,1111,1111,3.0,4.5,0,5,1,0,0,0,0,1,0,32000,28,0,0,0,0,0,0,0,0,0,0,0,0,0,0,
2024,99999,MO,0610.0,0610200700.0,Conventional:First Lien,Single Family (1-4 Units):Site-Built,Hispanic or Latino,White,Female,Pending approval,12,400000.0,83.0,4.3,0.0,1,13000.0,1900.0,1200.0,1.8,10000.0,180,,,0,0,0,0,0,0,3,1,0,0,36.0,0.0,1111,1111,4.0,4.6,1,5,0,7.0,0,0,0,0,0,60000,22,0,0,0,0,0,0,0,0,0,0,0,0,0,0,
2024,99999,MA,0370.0,0370100800.0,FHA,Single Family (1-4 Units):Site-Built,Not Hispanic or Latino,White,Male,Approved but not accepted,20,380000.0,90.0,5.0,0.0,0,12000.0,1900.0,900.0,1.8,12000.0,360,0,0,0,0,1,0,2,3,1,0,39.0,0.0,1111,1111,3.0,4.5,1,3,1,9.0,0,1,0,1,0,45000,53,0,0,0,0,0,0,0,0,0,0,0,0,0,0,
2024,99999,VA,0150.0,0150302100.0,Conventional:Second Lien,Single Family (1-4 Units):Site-Built,Not Hispanic or Latino,Non-Hispanic,Male,Preapproval denied,12,400000.0,92.0,4.8,0.0,0,12000.0,1800.0,1000.0,1.8,12000.0,360,0,0,0,0,0,0,2,1,0,0,29.0,0.0,1111,1111,4.0,5.0,1,5,0,0,1,0,0,0,0,40000,35,0,0,0,0,0,0,0,0,0,0,0,0,0,0,
2024,99999,NE,0930.0,0930600800.0,FHA,Single Family (1-4 Units):Site-Built,Not Hispanic or Latino,White,Female,Loan originated,12,320000.0,89.0,4.1,0.0,0,10000.0,1400.0,800.0,1.2,11000.0,240,0,0,0,0,0,1,2,2,1,0,38.0,0.0,1111,1111,2.0,5.0,0,5,0,8.0,1,0,0,0,0,40000,24,0,0,0,0,0,0,1,0,0,0,0,0,0,0,
2024,99999,PA,0730.0,0730207100.0,USDA Rural Development,Single Family (1-4 Units):Site-Built,Not Hispanic or Latino,White,Male,Completed,10,330000.0,79.0,3.5,0.0,0,12000.0,1600.0,800.0,1.5,10000.0,360,0,0,0,0,1,0,2,1,0,0,33.0,0.0,1111,1111,3.0,4.5,0,5,0,10.0,0,1,0,0,0,35000,45,0,0,0,0,0,0,0,1,0,0,0,0,0,0,
2024,99999,NH,0170.0,0170100600.0,Conventional:First Lien,Single Family (1-4 Units):Site-Built,Not Hispanic or Latino,White,Female,Loan originated,12,500000.0,95.0,5.2,0.0,0,15000.0,2500.0,1500.0,2.2,20000.0,360,0,0,0,0,0,0,1,1,1,0,35.0,0.0,1111,1111,5.0,5.0,0,5,0,0,0,1,0,1,0,50000,40,0,0,0,0,1,0,0,0,0,0,0,0,0,0,
2024,99999,NY,0010.0,0010100800.0,FHA,Single Family (1-4 Units):Site-Built,Not Hispanic or Latino,White,Male,Loan originated,20,425000.0,94.0,4.9,0.0,0,12000.0,1900.0,1000.0,1.6,8000.0,360,0,0,0,0,1,1,1,2,0,0,33.0,0.0,1111,1111,2.0,4.5,0,5,1,0,0,0,0,0,0,35000,55,0,0,0,0,0,0,0,0,0,0,0,0,0,0,
2024,99999,AL,0470.0,0471912100.0,Conventional:First Lien,Single Family (1-4 Units):Site-Built,Not Hispanic or Latino,White,Male,Loan originated,12,260000.0,80.0,3.9,0.0,0,10000.0,1500.0,750.0,1.3,12000.0,360,0,0,0,0,1,0,2,1,0,1,30.0,0.0,1111,1111,3.0,5.0,1,5,0,6.0,1,1,0,0,0,50000,30,0,0,0,0,0,0,0,0,0,0,0,0,0,0,
2024,99999,ME,0070.0,0070100400.0,FHA,Single Family (1-4 Units):Site-Built,Hispanic or Latino,White,Male,Preapproval denied,12,190000.0,68.0,4.0,0.0,0,9000.0,1400.0,600.0,1.5,9000.0,180,0,0,0,0,1,0,1,1,0,1,32.0,0.0,1111,1111,2.0,4.5,0,5,1,0,1,1,0,1,0,20000,35,0,0,0,0,0,0,0,0,0,0,0,0,0,0,
2024,99999,VT,0070.0,0070100400.0,USDA Rural Development,Single Family (1-4 Units):Site-Built,Hispanic or Latino,Mixed Race,Female,Completed,12,340000.0,85.0,4.2,0.0,0,17000.0,2200.0,1200.0,2.0,15000.0,360,0,0,0,0,0,0,2,3,0,0,36.0,0.0,1111,1111,4.0,4.8,1,5,1,0,0,1,0,0,0,50000,40,0,0,0,0,0,0,0,0,0,0,0,0,0,0,
2024,99999,RI,0090.0,0090400700.0,FHA,Single Family (1-4 Units):Site-Built,Not Hispanic or Latino,White,Male,Loan originated,12,400000.0,92.0,4.7,0.0,0,10000.0,1400.0,900.0,1.4,9000.0,360,0,0,0,0,1,1,3,3,1,0,39.0,0.0,1111,1111,3.0,5.0,0,5,0,0,0,1,0,0,1,25000,60,0,0,0,0,0,0,0,0,0,0,0,0,0,0,
2024,99999,WV,0050.0,0050070700.0,Conventional:Second Lien,Single Family (1-4 Units):Site-Built,Not Hispanic or Latino,White,Male,Denied due to insufficient income,20,290000.0,86.0,5.0,0.0,0,12000.0,1800.0,1000.0,1.8,10000.0,360,0,0,0,0,0,1,1,2,0,0,35.0,0.0,1111,1111,6.0,4.5,1,5,0,0,0,1,0,0,1,30000,35,0,0,0,0,0,0,0,0,0,0,0,0,0,0,
2024,99999,SC,0230.0,0230100400.0,VA,Single Family (1-4 Units):Site-Built,Hispanic or Latino,HISPANIC,Male,Loan originated,12,440000.0,88.0,5.3,0.0,0,14000.0,1900.0,1000.0,2.0,13000.0,360,0,0,0,0,1,0,2,2,1,0,38.0,0.0,1111,1111,5.0,5.0,0,5,1,10.0,0,1,0,1,0,40000,45,0,0,0,0,0,0,0,0,0,0,0,0,0,0,
2024,99999,SD,0030.0,0030050500.0,FHA,Single Family (1-4 Units):Site-Built,Not Hispanic or Latino,White,Female,Preapproval approved,12,300000.0,83.0,3.4,0.0,0,11000.0,1700.0,800.0,1.3,10000.0,180,0,0,0,0,1,0,2,2,0,0,38.0,0.0,1111,1111,4.0,4.8,0,5,1,0,0,0,0,0,0,45000,35,0,0,0,0,0,0,0,0,0,0,0,0,0,0,
2024,99999,DC,0010.0,0010100800.0,Conventional:First Lien,Single Family (1-4 Units):Site-Built,Not Hispanic or Latino,Non-Hispanic,Female,Approved but not accepted,12,450000.0,92.0,5.0,0.0,0,12000.0,1800.0,1100.0,1.7,11000.0,360,0,0,0,0,1,0,1,1,0,1,35.0,0.0,1111,1111,1.0,5.0,0,5,0,8.0,0,1,0,1,0,50000,45,0,0,0,0,0,0,0,0,0,0,0,0,0,0,
2024,99999,HI,0030.0,0030050500.0,FHA,Single Family (1-4 Units):Site-Built,Not Hispanic or Latino,White,Male,Loan originated,12,350000.0,89.0,4.4,0.0,0,13000.0,2000.0,1300.0,2.0,8000.0,360,0,0,0,0,0,0,2,2,0,0,35.0,0.0,1111,1111,1.0,4.3,0,5,0,9.0,0,1,0,0,0,35000,40,0,0,0,0,1,0,0,0,0,0,0,0,0,0,
2024,99999,AK,0270.0,0270100600.0,Conventional:Second Lien,Single Family (1-4 Units):Site-Built,Hispanic or Latino,White,Male,Submitted,10,300000.0,87.0,4.2,0.0,0,10000.0,1400.0,800.0,1.7,9000.0,180,0,0,0,0,1,0,2,2,0,1,33.0,0.0,1111,1111,5.0,4.5,1,5,1,0,0,1,0,1,0,50000,30,0,0,0,0,0,0,0,0,0,0,0,0,0,0,
2024,99999,OK,0310.0,0310100400.0,USDA Rural Development,Single Family (1-4 Units):Site-Built,Not Hispanic or Latino,White,Male,Loan originated,12,320000.0,82.0,3.8,0.0,0,13000.0,1800.0,1100.0,1.6,11000.0,360,0,0,0,0,0,1,1,1,0,0,32.0,0.0,1111,1,0,1,1,0,1,1,1111,1111,4.0,5.0,0,5,0,0,0,1,0,0,0,30000,50,0,0,0,0,0,0,0,1,0,0,0,0,0,0,
2024,99999,MT,0110.0,0110104800.0,Conventional:First Lien,Single Family (1-4 Units):Site-Built,Hispanic or Latino,Hispanic,Female,File closed for incompleteness,12,320000.0,78.0,3.6,0.0,0,11000.0,1600.0,700.0,1.6,14000.0,240,0,0,0,0,0,0,2,2,0,0,29.0,0.0,1111,1111,4.0,4.5,0,5,1,8.0,0,0,0,0,0,40000,35,0,0,0,0,0,0,0,0,0,0,0,0,0,0,
2024,99999,ID,0470.0,0471912100.0,FHA,Single Family (1-4 Units):Site-Built,Hispanic or Latino,White,Male,Approved but not accepted,12,350000.0,90.0,4.3,0.0,0,10000.0,1600.0,800.0,1.5,10000.0,360,0,0,0,0,0,1,2,2,0,0,32.0,0.0,1111,1111,1.0,4.7,1,5,0,7.0,0,1,0,0,0,50000,55,0,0,0,0,1,0,0,0,0,0,0,0,0,0,
2024,99999,AR,0350.0,0350105400.0,VA,Single Family (1-4 Units):Site-Built,Not Hispanic or Latino,Black,Female,Preapproval approved,12,400000.0,95.0,4.9,0.0,0,15000.0,2200.0,1100.0,2.0,14000.0,180