2024,99999,CA,0010.0,0010101000.0,Conventional:First Lien,Single Family (1-4 Units):Site-Built,Hispanic or Latino,White,Male,Loan originated,1,500000.0,80.0,6.25,2.5,1,12500.0,800.0,1500.0,3.0,1000.0,360,0,0,0,0,0,0,0,0,0,0,0,0,0,0,0,0,0,0,0,0,0,0,0,0,0,0,0,0,0,0,0,0,0,0,0,0,0,0,0,0,0,0,0,0,0,0,0,0,0,0,0,0,0,0,0,0,0,0,0,0,0,0,0,0,0,0,0,0,0,0,0,0,0,0,0,0,0,0,0,0,0,0,0,0,0,0,0,0,0,0,0,0,0,0,0,0,0,0,0,0,0,0,0,0,0,0,0,0,0,0
2024,99999,FL,0100.0,0100301000.0,FHA:First Lien,Single Family (1-4 Units):Site-Built,Not Hispanic or Latino,Black,Male,Loan approved but not accepted,3,300000.0,75.0,6.5,3.0,0,7500.0,450.0,800.0,2.0,300.0,360,0,0,0,0,0,0,0,0,0,0,0,0,0,0,0,0,0,0,0,0,0,0,0,0,0,0,0,0,0,0,0,0,0,0,0,0,0,0,0,0,0,0,0,0,0,0,0,0,0,0,0,0,0,0,0,0,0,0,0,0,0,0,0,0,0,0,0,0,0,0,0,0,0,0,0,0,0,0,0,0,0,0,0,0,0,0,0,0,0,0,0,0,0,0,0,0,0,0,0,0,0,0,0,0,0
2024,99999,NY,0050.0,0050000000.0,Conventional:First Lien,Multi-Family:Site-Built,Not Hispanic or Latino,Asian,Male,Loans conditionally approved,1,400000.0,70.0,5.75,2.0,1,10000.0,600.0,1200.0,2.5,500.0,360,0,0,0,0,0,0,0,0,0,0,0,0,0,0,0,0,0,0,0,0,0,0,0,0,0,0,0,0,0,0,0,0,0,0,0,0,0,0,0,0,0,0,0,0,0,0,0,0,0,0,0,0,0,0,0,0,0,0,0,0,0,0,0,0,0,0,0,0,0,0,0,0,0,0,0,0,0,0,0,0,0,0,0,0,0,0,0,0,0,0,0,0,0,0,0,0,0,0,0,0,0,0,0,0,0
2024,99999,TX,0070.0,0070503000.0,Va:First Lien,Single Family (1-4 Units):Site-Built,Hispanic or Latino,White,Female,Loan originated,1,650000.0,90.0,6.0,2.2,1,15000.0,1000.0,2000.0,1.0,750.0,360,0,0,0,0,0,0,0,0,0,0,0,0,0,0,0,0,0,0,0,0,0,0,0,0,0,0,0,0,0,0,0,0,0,0,0,0,0,0,0,0,0,0,0,0,0,0,0,0,0,0,0,0,0,0,0,0,0,0,0,0,0,0,0,0,0,0,0,0,0,0,0,0,0,0,0,0,0,0,0,0,0,0,0,0,0,0,0,0,0,0,0,0,0,0,0,0,0,0,0,0,0,0,0,0,0
2024,99999,WA,0030.0,0030204000.0,USDA:First Lien,Single Family (1-4 Units):Site-Built,Not Hispanic or Latino,White,Female,File closed for incompleteness,3,125000.0,55.0,5.0,1.5,0,3000.0,200.0,400.0,1.5,100.0,180,0,0,0,0,0,0,0,0,0,0,0,0,0,0,0,0,0,0,0,0,0,0,0,0,0,0,0,0,0,0,0,0,0,0,0,0,0,0,0,0,0,0,0,0,0,0,0,0,0,0,0,0,0,0,0,0,0,0,0,0,0,0,0,0,0,0,0,0,0,0,0,0,0,0,0,0,0,0,0,0,0,0,0,0,0,0,0,0,0,0,0,0,0,0,0,0,0,0,0,0,0,0,0,0,0
2024,99999,NC,0170.0,0170502000.0,Conventional:First Lien,Single Family (1-4 Units):Site-Built,Not Hispanic or Latino,Black,Male,Loan originated,1,300000.0,65.0,7.25,4.0,1,9000.0,550.0,900.0,2.0,350.0,360,0,0,0,0,0,0,0,0,0,0,0,0,0,0,0,0,0,0,0,0,0,0,0,0,0,0,0,0,0,0,0,0,0,0,0,0,0,0,0,0,0,0,0,0,0,0,0,0,0,0,0,0,0,0,0,0,0,0,0,0,0,0,0,0,0,0,0,0,0,0,0,0,0,0,0,0,0,0,0,0,0,0,0,0,0,0,0,0,0,0,0,0,0,0,0,0,0,0,0,0,0,0,0,0,0
2024,99999,IL,0070.0,0070304000.0,FHA:First Lien,Single Family (1-4 Units):Site-Built,Not Hispanic or Latino,Hispanic or Latino,Female,Loans conditionally approved,1,350000.0,70.0,6.0,2.0,0,8500.0,500.0,700.0,2.0,250.0,360,0,0,0,0,0,0,0,0,0,0,0,0,0,0,0,0,0,0,0,0,0,0,0,0,0,0,0,0,0,0,0,0,0,0,0,0,0,0,0,0,0,0,0,0,0,0,0,0,0,0,0,0,0,0,0,0,0,0,0,0,0,0,0,0,0,0,0,0,0,0,0,0,0,0,0,0,0,0,0,0,0,0,0,0,0,0,0,0,0,0,0,0,0,0,0,0,0,0,0,0,0,0,0,0,0
2024,99999,GA,0010.0,0010308000.0,Va:First Lien,Single Family (1-4 Units):Site-Built,Not Hispanic or Latino,White,Female,File closed for incompleteness,3,200000.0,85.0,5.5,2.5,1,4500.0,300.0,500.0,1.0,150.0,180,0,0,0,0,0,0,0,0,0,0,0,0,0,0,0,0,0,0,0,0,0,0,0,0,0,0,0,0,0,0,0,0,0,0,0,0,0,0,0,0,0,0,0,0,0,0,0,0,0,0,0,0,0,0,0,0,0,0,0,0,0,0,0,0,0,0,0,0,0,0,0,0,0,0,0,0,0,0,0,0,0,0,0,0,0,0,0,0,0,0,0,0,0,0,0,0,0,0,0,0,0,0,0,0,0
2024,99999,OH,0050.0,0050401000.0,Conventional:First Lien,Single Family (1-4 Units):Site-Built,Not Hispanic or Latino,White,Male,Loan originated,1,600000.0,75.0,7.0,4.5,1,14000.0,900.0,1400.0,2.0,500.0,360,0,0,0,0,0,0,0,0,0,0,0,0,0,0,0,0,0,0,0,0,0,0,0,0,0,0,0,0,0,0,0,0,0,0,0,0,0,0,0,0,0,0,0,0,0,0,0,0,0,0,0,0,0,0,0,0,0,0,0,0,0,0,0,0,0,0,0,0,0,0,0,0,0,0,0,0,0,0,0,0,0,0,0,0,0,0,0,0,0,0,0,0,0,0,0,0,0,0,0,0,0,0,0,0,0
2024,99999,VA,0030.0,0030102000.0,USDA:First Lien,Single Family (1-4 Units):Site-Built,Hispanic or Latino,White,Female,Loans conditionally approved,1,450000.0,60.0,5.75,2.2,0,12000.0,800.0,1000.0,1.5,300.0,360,0,0,0,0,0,0,0,0,0,0,0,0,0,0,0,0,0,0,0,0,0,0,0,0,0,0,0,0,0,0,0,0,0,0,0,0,0,0,0,0,0,0,0,0,0,0,0,0,0,0,0,0,0,0,0,0,0,0,0,0,0,0,0,0,0,0,0,0,0,0,0,0,0,0,0,0,0,0,0,0,0,0,0,0,0,0,0,0,0,0,0,0,0,0,0,0,0,0,0,0,0,0,0,0,0
2024,99999,MI,0010.0,0010201000.0,FHA:Subordinate Lien,Single Family (1-4 Units):Site-Built,Not Hispanic or Latino,Black,Male,Loan originated,1,250000.0,80.0,5.5,1.5,1,6000.0,350.0,450.0,1.0,200.0,180,0,0,0,0,0,0,0,0,0,0,0,0,0,0,0,0,0,0,0,0,0,0,0,0,0,0,0,0,0,0,0,0,0,0,0,0,0,0,0,0,0,0,0,0,0,0,0,0,0,0,0,0,0,0,0,0,0,0,0,0,0,0,0,0,0,0,0,0,0,0,0,0,0,0,0,0,0,0,0,0,0,0,0,0,0,0,0,0,0,0,0,0,0,0,0,0,0,0,0,0,0,0,0,0,0
2024,99999,MA,0030.0,0030203000.0,Va:First Lien,Single Family (1-4 Units):Site-Built,Not Hispanic or Latino,White,Male,File closed for incompleteness,3,100000.0,90.0,6.25,3.0,1,2500.0,150.0,250.0,1.0,50.0,120,0,0,0,0,0,0,0,0,0,0,0,0,0,0,0,0,0,0,0,0,0,0,0,0,0,0,0,0,0,0,0,0,0,0,0,0,0,0,0,0,0,0,0,0,0,0,0,0,0,0,0,0,0,0,0,0,0,0,0,0,0,0,0,0,0,0,0,0,0,0,0,0,0,0,0,0,0,0,0,0,0,0,0,0,0,0,0,0,0,0,0,0,0,0,0,0,0,0,0,0,0,0,0,0,0
2024,99999,SC,0030.0,0030801000.0,Conventional:First Lien,Single Family (1-4 Units):Site-Built,Hispanic or Latino,Hispanic or Latino,Female,Loan originated,1,550000.0,75.0,6.5,2.5,1,13500.0,750.0,1500.0,2.0,450.0,360,0,0,0,0,0,0,0,0,0,0,0,0,0,0,0,0,0,0,0,0,0,0,0,0,0,0,0,0,0,0,0,0,0,0,0,0,0,0,0,0,0,0,0,0,0,0,0,0,0,0,0,0,0,0,0,0,0,0,0,0,0,0,0,0,0,0,0,0,0,0,0,0,0,0,0,0,0,0,0,0,0,0,0,0,0,0,0,0,0,0,0,0,0,0,0,0,0,0,0,0,0,0,0,0,0
2024,99999,MD,0010.0,0010502000.0,USDA:First Lien,Single Family (1-4 Units):Site-Built,Not Hispanic or Latino,Asian,Female,Loans conditionally approved,1,280000.0,70.0,5.25,1.8,0,7500.0,400.0,600.0,1.5,200.0,240,0,0,0,0,0,0,0,0,0,0,0,0,0,0,0,0,0,0,0,0,0,0,0,0,0,0,0,0,0,0,0,0,0,0,0,0,0,0,0,0,0,0,0,0,0,0,0,0,0,0,0,0,0,0,0,0,0,0,0,0,0,0,0,0,0,0,0,0,0,0,0,0,0,0,0,0,0,0,0,0,0,0,0,0,0,0,0,0,0,0,0,0,0,0,0,0,0,0,0,0,0,0,0,0,0
2024,99999,CO,0070.0,0070804000.0,FHA:First Lien,Single Family (1-4 Units):Site-Built,Not Hispanic or Latino,White,Male,Loan originated,1,400000.0,65.0,6.75,3.2,1,11000.0,650.0,1000.0,2.5,400.0,360,0,0,0,0,0,0,0,0,0,0,0,0,0,0,0,0,0,0,0,0,0,0,0,0,0,0,0,0,0,0,0,0,0,0,0,0,0,0,0,0,0,0,0,0,0,0,0,0,0,0,0,0,0,0,0,0,0,0,0,0,0,0,0,0,0,0,0,0,0,0,0,0,0,0,0,0,0,0,0,0,0,0,0,0,0,0,0,0,0,0,0,0,0,0,0,0,0,0,0,0,0,0,0,0,0
2024,99999,NE,0030.0,0030901000.0,Conventional:First Lien,Single Family (1-4 Units):Site-Built,Not Hispanic or Latino,Hispanic or Latino,Male,File closed for incompleteness,3,320000.0,75.0,5.5,2.0,0,8000.0,500.0,700.0,1.5,250.0,360,0,0,0,0,0,0,0,0,0,0,0,0,0,0,0,0,0,0,0,0,0,0,0,0,0,0,0,0,0,0,0,0,0,0,0,0,0,0,0,0,0,0,0,0,0,0,0,0,0,0,0,0,0,0,0,0,0,0,0,0,0,0,0,0,0,0,0,0,0,0,0,0,0,0,0,0,0,0,0,0,0,0,0,0,0,0,0,0,0,0,0,0,0,0,0,0,0,0,0,0,0,0,0,0,0
2024,99999,MO,0010.0,0010305000.0,Va:Subordinate Lien,Single Family (1-4 Units):Site-Built,Hispanic or Latino,White,Female,Loan originated,1,450000.0,80.0,6.0,2.5,1,10000.0,800.0,1000.0,1.0,300.0,360,0,0,0,0,0,0,0,0,0,0,0,0,0,0,0,0,0,0,0,0,0,0,0,0,0,0,0,0,0,0,0,0,0,0,0,0,0,0,0,0,0,0,0,0,0,0,0,0,0,0,0,0,0,0,0,0,0,0,0,0,0,0,0,0,0,0,0,0,0,0,0,0,0,0,0,0,0,0,0,0,0,0,0,0,0,0,0,0,0,0,0,0,0,0,0,0,0,0,0,0,0,0,0,0,0
2024,99999,PW,0030.0,0030403000.0,FHA:First Lien,Single Family (1-4 Units):Site-Built,Not Hispanic or Latino,Black,Male,Loans conditionally approved,1,275000.0,75.0,6.25,2.2,0,6500.0,450.0,600.0,2.0,150.0,360,0,0,0,0,0,0,0,0,0,0,0,0,0,0,0,0,0,0,0,0,0,0,0,0,0,0,0,0,0,0,0,0,0,0,0,0,0,0,0,0,0,0,0,0,0,0,0,0,0,0,0,0,0,0,0,0,0,0,0,0,0,0,0,0,0,0,0,0,0,0,0,0,0,0,0,0,0,0,0,0,0,0,0,0,0,0,0,0,0,0,0,0,0,0,0,0,0,0,0,0,0,0,0,0,0
2024,99999,KY,0090.0,0090200000.0,Conventional:First Lien,Single Family (1-4 Units):Site-Built,Not Hispanic or Latino,White,Female,Loan originated,1,500000.0,70.0,5.75,1.8,1,12000.0,700.0,1200.0,2.0,450.0,360,0,0,0,0,0,0,0,0,0,0,0,0,0,0,0,0,0,0,0,0,0,0,0,0,0,0,0,0,0,0,0,0,0,0,0,0,0,0,0,0,0,0,0,0,0,0,0,0,0,0,0,0,0,0,0,0,0,0,0,0,0,0,0,0,0,0,0,0,0,0,0,0,0,0,0,0,0,0,0,0,0,0,0,0,0,0,0,0,0,0,0,0,0,0,0,0,0,0,0,0,0,0,0,0,0
2024,99999,IN,0010.0,0010705000.0,Va:First Lien,Single Family (1-4 Units):Site-Built,Not Hispanic or Latino,White,Male,File closed for incompleteness,3,350000.0,85.0,6.0,2.5,0,8500.0,500.0,750.0,1.5,200.0,360,0,0,0,0,0,0,0,0,0,0,0,0,0,0,0,0,0,0,0,0,0,0,0,0,0,0,0,0,0,0,0,0,0,0,0,0,0,0,0,0,0,0,0,0,0,0,0,0,0,0,0,0,0,0,0,0,0,0,0,0,0,0,0,0,0,0,0,0,0,0,0,0,0,0,0,0,0,0,0,0,0,0,0,0,0,0,0,0,0,0,0,0,0,0,0,0,0,0,0,0,0,0,0,0,0
2024,99999,OR,0020.0,0020203000.0,USDA:First Lien,Single Family (1-4 Units):Site-Built,Not Hispanic or Latino,Hispanic or Latino,Female,Loan originated,1,300000.0,65.0,5.25,1.5,1,7000.0,400.0,600.0,1.0,100.0,360,0,0,0,0,0,0,0,0,0,0,0,0,0,0,0,0,0,0,0,0,0,0,0,0,0,0,0,0,0,0,0,0,0,0,0,0,0,0,0,0,0,0,0,0,0,0,0,0,0,0,0,0,0,0,0,0,0,0,0,0,0,0,0,0,0,0,0,0,0,0,0,0,0,0,0,0,0,0,0,0,0,0,0,0,0,0,0,0,0,0,0,0,0,0,0,0,0,0,0,0,0,0,0,0,0
2024,99999,WV,0010.0,0010107000.0,FHA:First Lien,Single Family (1-4 Units):Site-Built,Not Hispanic or Latino,White,Male,Loans conditionally approved,1,400000.0,70.0,6.25,2.3,0,10000.0,600.0,800.0,2.0,300.0,360,0,0,0,0,0,0,0,0,0,0,0,0,0,0,0,0,0,0,0,0,0,0,0,0,0,0,0,0,0,0,0,0,0,0,0,0,0,0,0,0,0,0,0,0,0,0,0,0,0,0,0,0,0,0,0,0,0,0,0,0,0,0,0,0,0,0,0,0,0,0,0,0,0,0,0,0,0,0,0,0,0,0,0,0,0,0,0,0,0,0,0,0,0,0,0,0,0,0,0,0,0,0,0,0,0
2024,99999,AZ,0010.0,0010402000.0,Conventional:First Lien,Semi-Detached/Attached Single-Family:Site-Built,Not Hispanic or Latino,White,Female,Loan originated,1,350000.0,80.0,6.5,3.0,1,9500.0,500.0,900.0,2.0,250.0,360,0,0,0,0,0,0,0,0,0,0,0,0,0,0,0,0,0,0,0,0,0,0,0,0,0,0,0,0,0,0,0,0,0,0,0,0,0,0,0,0,0,0,0,0,0,0,0,0,0,0,0,0,0,0,0,0,0,0,0,0,0,0,0,0,0,0,0,0,0,0,0,0,0,0,0,0,0,0,0,0,0,0,0,0,0,0,0,0,0,0,0,0,0,0,0,0,0,0,0,0,0,0,0,0,0
2024,99999,VT,0030.0,0030201000.0,Va:First Lien,Single Family (1-4 Units):Site-Built,Not Hispanic or Latino,Black,Female,File closed for incompleteness,3,180000.0,85.0,5.75,2.0,0,4200.0,250.0,300.0,1.0,50.0,180,0,0,0,0,0,0,0,0,0,0,0,0,0,0,0,0,0,0,0,0,0,0,0,0,0,0,0,0,0,0,0,0,0,0,0,0,0,0,0,0,0,0,0,0,0,0,0,0,0,0,0,0,0,0,0,0,0,0,0,0,0,0,0,0,0,0,0,0,0,0,0,0,0,0,0,0,0,0,0,0,0,0,0,0,0,0,0,0,0,0,0,0,0,0,0,0,0,0,0,0,0,0,0,0,0
2024,99999,WI,0010.0,0010309000.0,USDA:First Lien,Single Family (1-4 Units):Site-Built,Not Hispanic or Latino,White,Male,Loan originated,1,375000.0,65.0,5.0,1.5,1,9000.0,450.0,700.0,1.5,2