2024,99999,CT,9150.0,9150708100.0,Conventional:Subordinate Lien,Single Family (1-4 Units):Site-Built,Not Hispanic or Latino,White,Male,File closed for incompleteness,32,25000.0,,,,3,,,,,,240,,,2,2,2,2,,1,1,3,5,1,,96.0,,1111,1111,2.0,5.0,2,4,5.0,8.0,2,4,1,5,2,4,65-74,9999,Yes,,1,1
2024,99999,NJ,9100.0,9100100500.0,FHA:Purchase,Single Family (1-4 Units):Site-Built,Hispanic or Latino,White,Male,Approved,1,350000.0,85.0,6.5,1.2,0,5000.0,1200.0,1500.0,2.0,5000.0,180,0,0,0,1,1,1,0,7,0,1,1,1,2.0,6.5,70000.0,5,0,1,4.0,3.0,1,2,1,2,1,5,1,5,2,4,25-34,75-85,Yes,,2,2
2024,99999,FL,9200.0,9200301800.0,VA:Purchase,Single Family (1-4 Units):Site-Built,Not Hispanic or Latino,Black,Male,Denied,3,275000.0,90.0,7.5,2.5,0,4200.0,1000.0,2000.0,3.0,3800.0,360,1,1,0,0,1,0,2,6,1,0,1,2,2,1.0,7.0,50000.0,5,1,1,3.0,2.5,2,3,1,2,0,1,2,1,25-34,35-44,Yes,,2,2
2024,99999,CA,9150.0,9150306000.0,Conventional:Purchase,Single Family (1-4 Units):Site-Built,Not Hispanic or Latino,Asian,Female,Approved,1,400000.0,80.0,6.2,1.0,1,4800.0,1100.0,1000.0,1.5,3000.0,300,0,0,0,0,0,0,1,1,1,0,0,2,2,1.0,6.5,90000.0,3,1,1,2.0,4.0,0,0,0,0,1,2,2,1,35-44,45-54,Yes,,1,1
2024,99999,GA,9220.0,9220900000.0,FHA:Purchase,Single Family (1-4 Units):Site-Built,Not Hispanic or Latino,White,Male,Approved,1,500000.0,75.0,6.8,1.0,0,5000.0,1250.0,1500.0,2.0,5000.0,360,0,0,0,1,1,0,1,3,2,1,0,1,2,2.0,6.2,75000.0,5,1,1,3.0,4.2,2,2,2,2,1,5,1,5,45-54,35-44,No,,1,1
2024,99999,NV,9230.0,9230204500.0,VA:Purchase,Single Family (1-4 Units):Site-Built,Hispanic or Latino,White,Female,Denied,2,325000.0,92.0,7.9,2.1,0,4500.0,1000.0,2500.0,2.5,3000.0,360,1,0,0,1,1,1,1,1,1,0,1,3,2,3.0,7.0,70000.0,1,0,1,3.0,3.3,1,1,1,2,0,1,2,1,25-34,35-44,Yes,,1,1
2024,99999,TX,9240.0,9240705500.0,USDA:Purchase,Single Family (1-4 Units):Site-Built,Not Hispanic or Latino,White,Male,Approved,1,450000.0,78.0,6.0,0.5,0,3500.0,850.0,,1.0,,240,0,0,0,0,0,1,1,1,2,0,0,2,2,2.0,6.1,100000.0,1,1,1,4.0,5.0,0,0,0,0,1,3,1,3,55-64,45-54,Yes,,1,1
2024,99999,WA,9250.0,9250501000.0,Conventional:Purchase,Single Family (1-4 Units):Site-Built,Hispanic or Latino,Other/Mixed,Male,Approved,1,475000.0,85.0,6.8,1.0,1,5200.0,1000.0,1000.0,2.0,4000.0,300,0,0,0,1,1,0,1,3,1,1,1,1,1,2.0,6.2,95000.0,4,1,0,3.0,3.5,2,1,0,2,0,1,1,1,45-54,35-44,Yes,,2,2
2024,99999,IL,9150.0,9150700900.0,FHA:Purchase,Single Family (1-4 Units):Site-Built,Not Hispanic or Latino,White,Female,Approved,1,380000.0,80.0,6.7,1.0,0,4600.0,900.0,1500.0,2.0,3500.0,360,0,0,1,1,1,1,1,1,1,0,1,1,2,1.0,6.5,80000.0,1,0,1,2.0,3.2,2,1,1,2,1,2,2,2,25-34,55-64,Yes,,1,1
2024,99999,OR,9260.0,9260404000.0,Conventional:Purchase,Single Family (1-4 Units):Site-Built,Hispanic or Latino,Asian,Female,Approved,1,345000.0,82.0,7.0,1.5,0,4200.0,850.0,1200.0,1.5,2700.0,300,0,0,0,0,0,0,1,1,2,0,1,1,2,2.0,7.0,60000.0,3,1,0,3.0,2.8,2,2,1,1,2,1,2,3,35-44,45-54,Yes,,2,2
2024,99999,MD,9270.0,9270202000.0,FHA:Refinance,Single Family (1-4 Units):Site-Built,Not Hispanic or Latino,Black,Male,Denied,3,230000.0,85.0,7.2,1.8,0,3900.0,900.0,2000.0,3.0,2500.0,180,0,0,1,0,0,1,1,0,2,1,0,2,2,3.0,7.5,55000.0,4,0,1,1.0,4.0,2,3,1,3,1,3,2,2,55-64,45-54,No,,2,2
2024,99999,MI,9280.0,9280106000.0,Conventional:Purchase,Single Family (1-4 Units):Site-Built,Hispanic or Latino,Asian,Male,Approved,1,500000.0,83.0,6.8,1.0,1,5200.0,1200.0,1000.0,2.0,3500.0,360,0,0,0,1,1,1,1,2,1,1,0,1,2,2.0,6.6,67000.0,3,1,0,3.0,4.2,1,2,1,2,1,2,2,1,45-54,35-44,Yes,,2,2
2024,99999,PA,9290.0,9290603000.0,VA:Purchase,Single Family (1-4 Units):Site-Built,Hispanic or Latino,White,Female,Approved,1,390000.0,75.0,6.7,1.2,1,4800.0,1200.0,1000.0,1.8,5000.0,300,0,0,0,0,0,1,0,2,2,1,1,1,1,1.5,6.2,70000.0,3,0,0,2.5,4.0,1,1,2,1,0,2,1,3,35-44,45-54,Yes,,1,1
2024,99999,UT,9300.0,9300205000.0,Conventional:Purchase,Single Family (1-4 Units):Site-Built,Not Hispanic or Latino,White,Female,Approved,1,420000.0,77.0,6.5,1.0,0,4400.0,800.0,1500.0,1.0,3500.0,360,0,0,0,0,0,0,0,0,1,1,1,1,1,2.0,6.0,80000.0,2,1,1,1.5,3.5,1,0,1,0,1,0,1,1,35-44,45-54,Yes,,1,1
2024,99999,NY,9310.0,9310407000.0,FHA:Purchase,Single Family (1-4 Units):Site-Built,Not Hispanic or Latino,White,Male,Denied,1,350000.0,90.0,7.0,1.5,0,4800.0,1000.0,2000.0,2.0,2000.0,360,0,0,0,0,1,0,1,3,2,0,0,1,1,3.0,7.2,70000.0,5,0,1,3.0,3.8,1,2,2,1,1,3,2,3,35-44,45-54,Yes,,1,1
2024,99999,CO,9320.0,9320409000.0,Conventional:Purchase,Single Family (1-4 Units):Site-Built,Hispanic or Latino,White,Male,Approved,1,480000.0,85.0,7.0,1.0,0,4500.0,1000.0,1500.0,2.0,4000.0,240,0,0,0,0,0,0,1,1,1,1,0,1,1,2.0,7.0,65000.0,1,0,1,2.0,4.2,2,2,1,0,1,3,1,5,55-64,35-44,Yes,,2,2
2024,99999,KY,9330.0,9330109000.0,FHA:Purchase,Single Family (1-4 Units):Site-Built,Hispanic or Latino,White,Male,Approved,1,325000.0,80.0,7.2,1.2,0,4000.0,900.0,1000.0,1.0,3000.0,180,0,0,0,1,1,1,0,1,2,0,0,0,2,2.0,6.8,60000.0,1,1,1,3.0,2.8,2,1,1,2,1,1,1,2,55-64,45-54,Yes,,2,1
2024,99999,DE,9340.0,9340800000.0,VA:Purchase,Single Family (1-4 Units):Site-Built,”Not Hispanic or Latino”,White,Female,Approved,1,412000.0,75.0,6.9,1.0,0,4600.0,1000.0,1500.0,2.0,2500.0,360,0,0,0,0,0,1,1,2,1,0,1,1,1,1.5,6.5,90000.0,2,1,1,2.0,3.5,2,0,1,1,0,1,2,1,25-34,45-54,Yes,,1,1
2024,99999,WI,9350.0,9350305000.0,FHA:Purchase,Single Family (1-4 Units):Site-Built,Not Hispanic or Latino,White,Male,Approved,1,500000.0,78.0,6.8,1.5,1,4800.0,1250.0,1500.0,1.5,4000.0,360,0,0,0,0,0,1,0,3,1,0,0,1,1,2.0,6.9,75000.0,1,1,1,2.0,4.0,1,2,1,1,1,2,2,2,45-54,55-64,Yes,,1,1
2024,99999,OH,9360.0,9360204000.0,Conventional:Purchase,Single Family (1-4 Units):Site-Built,Hispanic or Latino,White,Male,Approved,1,375000.0,82.0,6.5,1.0,0,5200.0,1200.0,1000.0,2.0,4200.0,180,0,0,1,0,0,0,1,2,1,1,0,1,1,2.0,6.2,60000.0,2,1,0,3.0,3.0,1,1,1,2,1,2,2,1,45-54,35-44,Yes,,2,2
2024,99999,NC,9370.0,9370803000.0,FHA:Refinance,Single Family (1-4 Units):Site-Built,Not Hispanic or Latino,White,Male,Approved,1,400000.0,80.0,7.5,2.0,0,3500.0,900.0,1500.0,2.0,,180,0,0,0,0,0,1,0,1,1,0,1,0,0,1.5,6.8,80000.0,4,0,1,3.0,5.0,2,1,0,3,1,5,2,1,45-54,45-54,No,,1,1
2024,99999,MN,9380.0,9380502000.0,Conventional:Purchase,Single Family (1-4 Units):Site-Built,”Not Hispanic or Latino”,Black,Female,Approved,1,425000.0,75.0,6.2,0.8,1,5000.0,1200.0,1000.0,2.0,3000.0,360,0,0,0,0,1,0,1,2,1,0,0,1,1,2.0,6.4,100000.0,1,1,0,2.0,3.7,1,1,1,1,1,2,1,1,35-44,35-44,Yes,,1,1
2024,99999,MO,9390.0,9390705000.0,VA:Purchase,Single Family (1-4 Units):Site-Built,Hispanic or Latino,White,Male,Approved,1,395000.0,82.0,7.1,1.0,1,4200.0,900.0,1200.0,1.7,3400.0,240,0,0,0,0,0,0,0,1,2,0,1,1,2,1.8,7.0,70000.0,4,1,0,2.5,3.5,1,2,1,0,1,2,1,1,55-64,45-54,Yes,,2,2
2024,99999,AL,9400.0,9400204000.0,FHA:Purchase,Single Family (1-4 Units):Site-Built,Not Hispanic or Latino,White,Male,Denied,2,300000.0,92.0,7.5,1.8,0,3500.0,850.0,1500.0,1.8,2000.0,300,0,0,1,0,0,1,0,2,2,1,1,1,0,2.5,7.5,55000.0,1,1,1,2.0,3.3,1,1,1,1,0,3,2,1,45-54,45-54,No,,1,1
2024,99999,SC,9410.0,9410809000.0,Conventional:Purchase,Single Family (1-4 Units):Site-Built,Not Hispanic or Latino,White,Male,Approved,1,450000.0,78.0,6.4,1.0,1,4600.0,1000.0,1000.0,2.0,4000.0,360,0,0,0,0,0,1,1,1,2,0,0,0,1,2.0,6.1,85000.0,2,1,1,2.0,3.7,1,1,1,0,1,1,1,1,45-54,35-44,Yes,,1,1
2024,99999,IN,9420.0,9420701000.0,FHA:Purchase,Single Family (1-4 Units):Site-Built,Not Hispanic or Latino,White,Male,Approved,1,325000.0,85.0,7.2,1.4,0,3000.0,900.0,1500.0,2.0,2000.0,180,0,0,0,1,1,0,1,1,1,0,1,0,0,1.5,7.0,65000.0,1,0,0,3.0,3.5,2,1,0,1,0,0,2,2,35-44,35-44,No,,1,1
2024,99999,MA,9430.0,9430808000.0,Conventional:Purchase,Single Family (1-4 Units):Site-Built,Not Hispanic or Latino,White,Female,Approved,1,450000.0,80.0,6.5,1.0,0,4800.0,1200.0,1000.0,2.0,4000.0,240,0,0,0,0,0,0,1,2,1,0,1,1,1,2.0,6.0,80000.0,2,1,0,2.0,3.7,1,1,0,1,1,0,1,1,25-34,35-44,Yes,,1,1
2024,99999,MI,9440.0,9440902000.0,VA:Purchase,Single Family (1-4 Units):Site-Built,Hispanic or Latino,White,Female,Approved,1,360000.0,85.0,7.5,1.7,1,4600.0,1200.0,1000.0,2.0,4000.0,240,0,0,0,0,0,1,1,1,1,0,0,0,0,3.0,6.8,95000.0,2,0,1,2.0,4.0,2,1,0,1,0,0,1,0,35-44,35-44,Yes,,2,2
2024,99999,FL,9450.0,9450408000.0,FHA:Purchase,Single Family (1-4 Units):Site-Built,Not Hispanic or Latino,White,Male,Approved,1,480000.0,82.0,6.9,1.5,1,4800.0,1250.0,1000.0,2.0,4000.0,300,0,0,0,0,0,0,1,1,2,0,0,0,1,1.8,7.5,80000.0,1,1,1,3.0,3.3,1,1,0,1,0,3,1,1,35-44,45-54,Yes,,1,1
2024,99999,MD,9460.0,9460303000.0,Conventional:Purchase,Single Family (1-4 Units):Site-Built,Hispanic or Latino,White,Female,Approved,1,375000.0,80.0,6.8,1.0,0,5000.0,1200.0,1200.0,2.0,3500.0,300,0,0,0,0,0,1,1,1,1,0,1,1,1,1.5,7.0,65000.0,1,1,1,3.0,3.5,2,2,1,2,2,2,2,3,45-54,35-44,Yes,,2,2
2024,99999,VT,9470.0,9470809000.0,FHA:Purchase,Single Family (1-4 Units):Site-Built,Not Hispanic or Latino,White,Female,Approved,1,400000.0,79.0,6.4,1.0,0,4000.0,950.0,1000.0,1.5,3000.0,360,0,0,0,0,0,1,1,3,1,0,1,0,1,1.5,7.2,70000.0,1,1,0,3.0,4.5,2,2,1,2,1,2,1,1,35-44,55-64,Yes,,1,1
2024,99999,ME,9480.0,9480206000.0,Conventional:Purchase,Single Family (1-4 Units):Site-Built,Not Hispanic or Latino,White,Male,Approved,1,380000.0,81.0,6.6,0.9,1,5000.0,1200.0,1500.0,2.0,3500.0,360,0,0,0,0,0,1,1,1,1,0,1,1,1,1.5,6.8,60000.0,2,1,1,2.0,4.0,2,0,0,2,0,3,2,2,35-44,35-44,Yes,,1,1
2024,99999,RI,9490.0,9490503000.0,FHA:Purchase,Single Family (1-4 Units):Site-Built,Hispanic or Latino,White,Male,Approved,1,410000.0,80.0,7.0,1.0,0,4200.0,1000.0,1000.0,2.0,3000.0,240,0,0,0,1,1,0,1,1,1,0,0,1,1,1.8,6.8,80000.0,1,1,1,2.0,3.2,2,1,0,1,1,1,2,2,25-34,45-54,Yes,,2,2
2024,99999,AZ,9500.0,9500401000.0,Conventional:Purchase,Single Family (1-4 Units):Site-Built,”Not Hispanic or Latino”,White,Male,Approved,1,420000.0,76.0,6.2,0.8,0,4800.0,1000.0,1000.0,2.0,3500.0,300,0,0,0,1,1,1,1,3,1,0,0,0,1,1.8,6.0,60000.0,1,0,1,2.0,3.5,2,2,1,0,1,3,1,2,45-54,45-54,Yes,,1,1
2024,99999,OK,9510.0,9510604000.0,FHA:Purchase,Single Family (1-4 Units):Site-Built,Not Hispanic or Latino,White,Female,Approved,1,460000.0,82.0,7.2,1.5,0,4000.0,900.0,1000.0,1.5,2700.0,360,0,0,0,1,1,0,1,1,1,0,0,0,1,2.0,6.5,75000.0,2,1,1,2.0,3.5,1,1,1,1,2,2,1,3,35-44,45-54,Yes,,1,1
2024,99999,KS,9520.0,9520705000.0,Conventional:Purchase,Single Family (1-4 Units):Site-Built,Hispanic or Latino,White,Female,Approved,1,360000.0,85.0,7.8,2.0,0,4200.0,1000.0,1500.0,2.2,2800.0,240,0,0,0,1,1,0,0,2,1,0,0,0,1,2.2,7.3,80000.0,2,0,1,2.0,4.2,2,1,1,0,1,1,1,1,45-54,35-44,Yes,,2,2
2024,99999,LH,9530.0,9530407000.0,FHA:Purchase,Single Family (1-4 Units):Site-Built,”Not Hispanic or Latino”,White,Male,Approved,1,500000.0,82.0,6.8,1.0,1,5000.0,1000.0,1000.0,2.0,3000.0,360,0,0,0,0,0,1,0,3,1,1,0,0,1,1.8,6.2,80000.0,1,1,1,1.5,3.5,1,2,1,0,1,2,1,1,35-44,45-54,Yes,,1,1
2024,99999,VA,9540.0,9540709000.0,Conventional:Purchase,Single Family (1-4 Units):Site-Built,Hispanic or Latino,White,Male,Approved,1,330000.0,82.0,7.1,1.7,0,4800.0,1200.0,1000.0,2.0,4000.0,180,0,0,0,1,1,1,0,2,2,0,1,0,1,2.0,7.5,90000.0,1,1,0,1.5,3.5,2,0,1,1,2,1,1,2,45-54,45-54,No,,1,1
2024,99999,HI,9550.0,9550404000.0,FHA:Purchase,Single Family (1-4 Units):Site-Built,"Not Hispanic or Latino",White,Male,Approved,1,500000.0,77.0,6.9,1.2,0,4500.0,1200.0,2000.0,2.0,4000.0,360,0,0,0,0,0,1,0,3,1,0,0,0,0,2.5,6.8,90000.0,4,0,0,2.0,4.0,1,1,0,1,2,3,1,1,45-54,65-74,Yes,,1,1
2024,99999,ID,9